-0.000653749
-0.000653752
-0.00269292
-0.00269291
-0.00463489
-0.00463489
-0.00530616
-0.00530616
-0.00439595
-0.00439597
0.0250806
0.0250806
0.025819
0.025819
0.0261284
0.0261284
0.0260722
0.0260722
0.0259037
0.0259037
-0.00742844
-0.00742844
-0.00688686
-0.00688686
-0.00601998
-0.00601998
-0.0052163
-0.0052163
-0.00508141
-0.0050814
0.00209241
0.00209242
0.0027732
0.0027732
0.00225668
0.00225668
0.00133294
0.00133295
0.000787249
0.000787252
-0.00621181
-0.00621181
-0.0072728
-0.0072728
-0.00832628
-0.00832629
-0.00884969
-0.00884969
-0.0086182
-0.00861821
0.0126241
0.0126241
0.0117167
0.0117167
0.0109709
0.0109708
0.0106171
0.010617
0.0107825
0.0107825
0.00627971
0.00627971
0.00644302
0.00644301
0.00627892
0.00627893
0.00613846
0.00613846
0.00616615
0.00616616
0.00958943
0.00958943
0.0106591
0.0106591
0.0115811
0.0115811
0.0118244
0.0118244
0.0112244
0.0112244
-0.00220451
-0.00220451
-0.00286712
-0.00286711
-0.00353142
-0.00353143
-0.00360753
-0.00360752
-0.00291186
-0.00291186
-2.99793e-05
-2.99793e-05
0.000595692
0.000595689
0.00100735
0.00100735
0.000781337
0.000781333
0.000109852
0.000109839
-0.022614
-0.022614
-0.0219079
-0.021908
-0.0216851
-0.0216851
-0.0222413
-0.0222413
-0.0233235
-0.0233235
0.00607941
0.00607941
0.00696947
0.00696947
0.00744466
0.00744466
0.00748529
0.00748529
0.00727802
0.00727803
0.00621613
0.00621614
0.00643141
0.0064314
0.00680097
0.00680098
0.00706159
0.00706158
0.00701096
0.00701095
0.00447976
0.00447978
0.00437734
0.00437733
0.00453083
0.00453082
0.00490574
0.00490574
0.00539757
0.00539758
-0.00562311
-0.00562311
-0.00548105
-0.00548104
-0.00512279
-0.00512279
-0.00453565
-0.00453563
-0.00383999
-0.00384
-0.00459037
-0.00459037
-0.00521167
-0.00521167
-0.00588074
-0.00588074
-0.00632428
-0.00632428
-0.00644452
-0.00644451
-0.000605972
-0.000605962
-0.000236822
-0.000236828
-6.8986e-05
-6.89893e-05
-0.000218942
-0.000218942
-0.000617196
-0.000617186
0.00447483
0.00447482
0.00440067
0.00440068
0.00396831
0.00396831
0.00323086
0.00323085
0.0023806
0.00238059
0.00584714
0.00584714
0.00601005
0.00601005
0.00588317
0.00588317
0.00541069
0.00541068
0.00479719
0.0047972
0.00383417
0.00383417
0.00359675
0.00359673
0.00320655
0.00320656
0.00285743
0.00285744
0.00268955
0.00268955
-0.0104961
-0.0104961
-0.010171
-0.010171
-0.00968244
-0.00968244
-0.00945208
-0.00945209
-0.00971394
-0.00971394
-6.07188e-06
-6.06862e-06
-0.000196438
-0.000196426
-0.000447915
-0.000447934
-0.000611134
-0.000611137
-0.000561373
-0.00056137
-0.00444211
-0.00444212
-0.00432098
-0.00432098
-0.00416049
-0.00416048
-0.0041866
-0.00418661
-0.00453215
-0.00453214
-0.000251675
-0.000251659
0.000130716
0.000130726
0.00044047
0.000440454
0.00058524
0.000585236
0.000540804
0.000540804
0.000815578
0.000815578
0.000686297
0.000686285
0.000566676
0.000566679
0.000575085
0.000575079
0.000747315
0.000747315
-0.00196134
-0.00196133
-0.0023242
-0.00232419
-0.00271894
-0.00271895
-0.00304936
-0.00304935
-0.00325599
-0.00325599
-0.000221608
-0.000221608
-0.000196486
-0.000196486
-0.000324952
-0.000324952
-0.00051639
-0.00051639
-0.000664248
-0.000664232
-0.00506979
-0.00506979
-0.00449795
-0.00449794
-0.0040308
-0.00403079
-0.00378404
-0.00378404
-0.00377165
-0.00377166
-0.000689355
-0.000689371
-0.000517222
-0.000517206
-0.000182805
-0.000182818
0.000170261
0.000170261
0.000445827
0.000445817
-0.00118212
-0.00118211
-0.00131843
-0.00131843
-0.0014295
-0.00142949
-0.00138031
-0.00138031
-0.00118621
-0.00118622
-0.00462728
-0.00462727
-0.00481272
-0.00481272
-0.00511776
-0.00511777
-0.00545301
-0.00545301
-0.00567354
-0.00567354
0.000803769
0.000803763
0.000734292
0.000734295
0.000530077
0.000530083
0.000288973
0.000288976
0.000122421
0.000122437
0.00175708
0.00175709
0.00240445
0.00240444
0.00271217
0.00271218
0.00252808
0.00252809
0.00198206
0.00198206
0.00122163
0.00122162
0.000902581
0.000902584
0.000740993
0.000741
0.000827286
0.000827296
0.00107483
0.00107482
-0.00104568
-0.00104568
-0.000897162
-0.000897155
-0.00063837
-0.000638379
-0.000451466
-0.000451459
-0.000440488
-0.000440501
-0.00123683
-0.00123682
-0.00124086
-0.00124085
-0.00141601
-0.00141601
-0.00180039
-0.00180038
-0.00228405
-0.00228404
0.00333693
0.00333693
0.00359528
0.00359528
0.00378554
0.00378554
0.00382272
0.00382272
0.00371289
0.00371289
-0.00843504
-0.00843505
-0.00821074
-0.00821076
-0.00838719
-0.00838718
-0.00879821
-0.00879821
-0.00916479
-0.00916479
0.000406495
0.000406489
0.000578051
0.000578054
0.000851964
0.000851964
0.00116473
0.00116474
0.00146243
0.00146242
-0.00338808
-0.00338806
-0.00360225
-0.00360225
-0.0038856
-0.0038856
-0.004113
-0.004113
-0.00417336
-0.00417337
0.00355582
0.00355583
0.0038043
0.00380432
0.00411762
0.00411762
0.00431018
0.00431019
0.00433794
0.00433794
-0.000852204
-0.000852217
-0.00108796
-0.00108797
-0.00129848
-0.00129848
-0.00141022
-0.00141021
-0.00139002
-0.00139003
0.000395268
0.000395262
0.000383148
0.000383139
0.000342721
0.00034273
0.000226764
0.000226764
5.2468e-05
5.24746e-05
0.000287527
0.000287521
8.54529e-05
8.54593e-05
-7.23022e-05
-7.22959e-05
-0.000195657
-0.00019566
-0.000298745
-0.000298761
-0.00274505
-0.00274504
-0.00255958
-0.00255957
-0.00249534
-0.00249534
-0.00260971
-0.00260972
-0.00285106
-0.00285106
-0.00298347
-0.00298348
-0.0031645
-0.0031645
-0.00331997
-0.00331996
-0.00335148
-0.00335148
-0.0032707
-0.00327071
-0.00417165
-0.00417165
-0.00472245
-0.00472246
-0.00523085
-0.00523083
-0.00563686
-0.00563687
-0.00591716
-0.00591717
0.00596419
0.00596419
0.00630179
0.00630179
0.00661636
0.00661635
0.00680099
0.00680099
0.00677708
0.00677707
0.00282594
0.00282593
0.0028193
0.0028193
0.0028566
0.00285661
0.00290134
0.00290133
0.00292286
0.00292285
0.00142427
0.00142426
0.00137182
0.00137182
0.00145312
0.00145312
0.00164167
0.00164167
0.00183778
0.00183778
-0.00197911
-0.00197911
-0.00174103
-0.00174102
-0.00152713
-0.00152712
-0.00145769
-0.00145769
-0.00155219
-0.00155219
0.00331274
0.00331274
0.00363558
0.00363557
0.00376503
0.00376503
0.00365991
0.00365992
0.00339119
0.00339119
0.000273884
0.000273888
0.000160769
0.000160766
7.32586e-05
7.32712e-05
3.74066e-05
3.74096e-05
5.12925e-05
5.12956e-05
-0.00297146
-0.00297146
-0.00339855
-0.00339855
-0.00405082
-0.00405082
-0.00473413
-0.00473413
-0.00524009
-0.00524008
0.0032117
0.00321171
0.00309833
0.00309835
0.0030004
0.0030004
0.00288062
0.00288063
0.00271109
0.00271108
0.00622572
0.00622571
0.00653433
0.00653433
0.00663115
0.00663115
0.00646475
0.00646475
0.00616598
0.00616599
0.00415952
0.00415953
0.00432894
0.00432895
0.00450558
0.00450558
0.00460894
0.00460894
0.00466426
0.00466426
-0.00256806
-0.00256805
-0.00263188
-0.00263188
-0.0028093
-0.00280931
-0.00309342
-0.00309341
-0.00338985
-0.00338986
0.00983069
0.00983069
0.00972443
0.00972443
0.00988033
0.00988033
0.0101735
0.0101735
0.0103943
0.0103943
0.00220886
0.00220884
0.00200132
0.0020013
0.00187681
0.0018768
0.00196884
0.00196884
0.00225853
0.00225853
0.00642081
0.00642081
0.00602908
0.00602908
0.00564843
0.00564843
0.00547429
0.0054743
0.00552956
0.00552955
0.00060263
0.00060263
0.000505753
0.000505759
0.000537239
0.000537232
0.000531976
0.000531973
0.000379116
0.000379122
0.00213198
0.002132
0.0020139
0.0020139
0.00184532
0.00184531
0.00171909
0.00171909
0.00169859
0.00169861
0.00583429
0.00583429
0.00618322
0.00618323
0.00645257
0.00645258
0.00654001
0.00654001
0.00645494
0.00645495
0.000437445
0.000437455
0.000484674
0.000484665
0.000493429
0.000493432
0.000454566
0.000454563
0.000394257
0.00039426
0.00866228
0.0086623
0.00827804
0.00827804
0.0079167
0.00791669
0.00772944
0.00772944
0.00769532
0.00769532
-0.00235305
-0.00235305
-0.00254675
-0.00254676
-0.00284519
-0.00284518
-0.00310213
-0.00310213
-0.00318526
-0.00318527
0.00106598
0.00106597
0.000640354
0.000640345
0.000200369
0.000200362
-0.000158611
-0.000158615
-0.000363141
-0.000363144
-0.000556289
-0.000556285
-0.000182509
-0.000182503
-1.44264e-05
-1.44328e-05
-1.80233e-05
-1.8017e-05
-7.29191e-05
-7.29128e-05
-0.00576781
-0.0057678
-0.00591923
-0.00591923
-0.00589463
-0.00589464
-0.0056922
-0.00569221
-0.00543898
-0.00543897
-0.00345993
-0.00345992
-0.0034159
-0.0034159
-0.00330892
-0.00330892
-0.00318911
-0.00318911
-0.00309521
-0.00309522
-0.00578104
-0.00578104
-0.00566194
-0.00566195
-0.00553621
-0.00553621
-0.00526318
-0.00526319
-0.00481475
-0.00481475
-0.00530634
-0.00530634
-0.00509195
-0.00509196
-0.00491777
-0.00491777
-0.00486479
-0.00486479
-0.00492509
-0.0049251
2.33877e-05
2.33875e-05
-0.000236326
-0.000236336
-0.00042882
-0.000428814
-0.000361991
-0.000361981
-3.77207e-05
-3.77112e-05
0.000827119
0.00082711
0.000648409
0.000648403
0.000648923
0.000648913
0.000537198
0.000537201
0.00017975
0.000179757
-0.000897611
-0.000897614
-0.00106859
-0.00106859
-0.00112637
-0.00112637
-0.00116201
-0.00116202
-0.00127806
-0.00127807
0.00614822
0.00614821
0.00636296
0.00636295
0.00669641
0.00669641
0.00683911
0.00683911
0.00664407
0.00664408
-0.000920502
-0.000920495
-0.00111337
-0.00111336
-0.0011474
-0.0011474
-0.00114699
-0.00114698
-0.00122032
-0.00122032
-3.59906e-05
-3.59969e-05
-0.000208106
-0.000208094
-0.000307346
-0.000307346
-0.000288978
-0.000288978
-0.000151211
-0.000151204
-0.000123396
-0.000123389
-0.000489497
-0.000489494
-0.000851863
-0.000851863
-0.00103889
-0.00103889
-0.000980554
-0.000980554
0.000110529
0.000110523
0.000299336
0.000299333
0.000468442
0.000468448
0.000689951
0.000689954
0.00100447
0.00100448
0.00184947
0.00184947
0.00160709
0.00160709
0.00146867
0.00146868
0.00135203
0.00135202
0.00119284
0.00119284
-0.00132749
-0.00132749
-0.00149254
-0.00149254
-0.00172168
-0.00172168
-0.00196481
-0.00196482
-0.00219454
-0.00219455
0.00326107
0.00326108
0.0030863
0.0030863
0.00321854
0.00321853
0.00343209
0.0034321
0.00346113
0.00346114
-0.00201039
-0.0020104
-0.0020749
-0.0020749
-0.00191823
-0.00191822
-0.00162902
-0.00162902
-0.00136632
-0.00136632
-0.000104076
-0.000104066
0.000339993
0.000339993
0.000494337
0.000494331
0.000265747
0.000265744
-0.000201541
-0.000201551
-0.000908307
-0.000908313
-0.000533344
-0.000533344
-0.000162743
-0.00016274
-5.3632e-05
-5.36255e-05
-0.000287509
-0.000287503
0.00406389
0.0040639
0.00400525
0.00400526
0.00391018
0.00391017
0.00390053
0.00390053
0.00401314
0.00401314
-0.0041462
-0.00414619
-0.00392891
-0.0039289
-0.00374682
-0.00374683
-0.00357409
-0.00357407
-0.00342611
-0.0034261
0.000774568
0.000774565
0.000684943
0.000684927
0.000704529
0.000704536
0.000895205
0.000895208
0.00119811
0.00119811
-0.000740955
-0.000740961
-0.000739102
-0.000739099
-0.000545452
-0.000545443
-0.000258157
-0.00025815
-1.27748e-05
-1.2778e-05
-0.0015135
-0.00151351
-0.00167984
-0.00167984
-0.0020091
-0.0020091
-0.00232769
-0.00232767
-0.002494
-0.00249401
-0.000512529
-0.000512525
-0.000759192
-0.000759186
-0.00116922
-0.00116923
-0.00146437
-0.00146437
-0.0014396
-0.00143961
0.00416593
0.00416593
0.00417636
0.00417636
0.00388766
0.00388766
0.00339847
0.00339846
0.00291255
0.00291254
-0.0031179
-0.0031179
-0.00300886
-0.00300887
-0.00287158
-0.00287159
-0.00284489
-0.0028449
-0.00295184
-0.00295185
-0.000372734
-0.000372737
-0.000593613
-0.000593623
-0.000681808
-0.000681818
-0.00062137
-0.000621376
-0.000471064
-0.000471067
-0.000789073
-0.000789073
-0.000957512
-0.000957522
-0.00108037
-0.00108038
-0.00116265
-0.00116264
-0.00122582
-0.00122582
-0.000942021
-0.000942017
-0.00101144
-0.00101144
-0.00121724
-0.00121726
-0.00141603
-0.00141603
-0.00149241
-0.00149239
-0.00161799
-0.00161799
-0.00159729
-0.0015973
-0.0017975
-0.00179749
-0.00202878
-0.00202878
-0.00212737
-0.00212736
-0.00245739
-0.00245739
-0.00248142
-0.00248141
-0.00258022
-0.00258021
-0.00266759
-0.00266758
-0.00266113
-0.00266114
0.00674303
0.00674302
0.00694255
0.00694256
0.00674726
0.00674725
0.00637022
0.00637022
0.00611152
0.00611153
-0.00339518
-0.00339517
-0.00300423
-0.00300424
-0.00273784
-0.00273786
-0.00272526
-0.00272527
-0.00286194
-0.00286194
-0.00341656
-0.00341656
-0.00339832
-0.00339831
-0.00339609
-0.00339609
-0.00339842
-0.00339843
-0.00338081
-0.0033808
0.0026812
0.00268122
0.00276997
0.00276997
0.00280558
0.00280559
0.00264394
0.00264393
0.00226639
0.00226639
-0.00326197
-0.00326197
-0.00273524
-0.00273524
-0.00232651
-0.00232652
-0.00214779
-0.00214779
-0.00213698
-0.00213698
0.00250219
0.00250219
0.00247988
0.00247987
0.00251384
0.00251383
0.0025929
0.00259289
0.00265732
0.00265733
0.00152024
0.00152024
0.00161843
0.00161842
0.00171197
0.00171197
0.00158202
0.00158202
0.00116791
0.00116791
-0.00190519
-0.0019052
-0.00217534
-0.00217534
-0.00258523
-0.00258524
-0.00298928
-0.00298927
-0.0032232
-0.00322319
-0.00816253
-0.00816253
-0.00774567
-0.00774567
-0.0074478
-0.0074478
-0.00732061
-0.00732061
-0.00731432
-0.00731431
-0.00928861
-0.0092886
-0.00941898
-0.00941898
-0.00947828
-0.00947827
-0.0094542
-0.0094542
-0.00935261
-0.00935261
0.00399652
0.00399651
0.00420266
0.00420267
0.00444685
0.00444686
0.00478052
0.00478051
0.00521261
0.00521261
-0.00159831
-0.00159832
-0.00158979
-0.00158979
-0.00143608
-0.00143607
-0.00116528
-0.00116529
-0.000855619
-0.000855619
0.00110801
0.00110801
0.000666828
0.000666821
0.000362003
0.000362
0.000290342
0.000290352
0.000430671
0.000430668
0.00521499
0.00521498
0.00557097
0.00557098
0.00579611
0.00579611
0.00578628
0.00578628
0.00553592
0.00553592
-0.0023037
-0.00230369
-0.00233875
-0.00233873
-0.00218848
-0.00218847
-0.00182815
-0.00182815
-0.00138138
-0.00138137
0.00134173
0.00134172
0.00122632
0.00122631
0.00102464
0.00102464
0.000797512
0.000797512
0.000631137
0.000631137
0.000105558
0.000105562
-0.000131761
-0.000131755
-0.000253228
-0.000253244
-0.000137173
-0.000137163
0.000225641
0.000225641
-0.00205186
-0.00205186
-0.00233827
-0.00233826
-0.00250886
-0.00250887
-0.00245646
-0.00245646
-0.00217887
-0.00217885
0.00242584
0.00242584
0.00245075
0.00245074
0.00240179
0.00240177
0.00230968
0.00230968
0.00220129
0.0022013
0.00113845
0.00113845
0.0009485
0.00094849
0.000855163
0.000855157
0.00088564
0.000885631
0.00103422
0.00103422
0.00249613
0.00249613
0.00217613
0.00217614
0.00180234
0.00180235
0.00149203
0.00149204
0.00132962
0.00132961
-0.000554089
-0.000554098
-9.6331e-05
-9.63342e-05
0.000237474
0.000237464
0.000401441
0.00040145
0.000433319
0.000433313
-0.00382654
-0.00382652
-0.00419481
-0.00419481
-0.00434413
-0.00434412
-0.00425092
-0.00425092
-0.00401788
-0.00401787
0.00135279
0.00135278
0.00142051
0.0014205
0.00145797
0.00145797
0.00137591
0.0013759
0.00118256
0.00118256
-0.0025738
-0.00257381
-0.00252924
-0.00252923
-0.00248752
-0.00248753
-0.00240716
-0.00240716
-0.00227008
-0.00227007
0.000603744
0.000603738
0.000757954
0.000757954
0.000962316
0.000962326
0.00120428
0.00120429
0.00139594
0.00139594
0.000235319
0.000235306
0.000287543
0.00028754
0.000415065
0.000415072
0.000606296
0.000606303
0.000799047
0.000799044
0.000214227
0.000214224
9.77194e-05
9.77324e-05
-0.000191361
-0.000191354
-0.000678997
-0.000679013
-0.00127323
-0.00127322
0.00582685
0.00582684
0.00605794
0.00605796
0.00628481
0.00628481
0.00629043
0.00629042
0.00603827
0.00603828
-0.00243158
-0.00243157
-0.00222162
-0.00222162
-0.00230265
-0.00230265
-0.00265835
-0.00265836
-0.00307276
-0.00307274
-0.00131773
-0.00131773
-0.00120876
-0.00120876
-0.00121909
-0.00121909
-0.00133224
-0.00133225
-0.0014846
-0.00148461
0.00136551
0.00136552
0.00126973
0.00126972
0.00106192
0.00106192
0.000929733
0.000929746
0.000973551
0.000973542
-0.00270154
-0.00270155
-0.00276055
-0.00276055
-0.00275546
-0.00275546
-0.00265755
-0.00265756
-0.0025564
-0.00255639
-0.000169659
-0.000169672
-0.000296656
-0.000296653
-0.000380243
-0.000380239
-0.000494199
-0.000494199
-0.000649512
-0.000649524
0.00125509
0.00125508
0.00144077
0.00144077
0.00157471
0.00157471
0.00162366
0.00162365
0.00163976
0.00163976
-0.000881025
-0.000881025
-0.000993366
-0.000993366
-0.000978943
-0.000978931
-0.000734855
-0.000734868
-0.000311104
-0.000311094
-0.00137899
-0.00137899
-0.00158829
-0.0015883
-0.00175765
-0.00175765
-0.00184298
-0.00184297
-0.00182853
-0.00182853
0.00272181
0.00272181
0.00341938
0.00341939
0.00408544
0.00408544
0.00443738
0.00443738
0.00439769
0.00439769
-0.00202427
-0.00202427
-0.00182365
-0.00182365
-0.00185839
-0.00185838
-0.00200342
-0.00200341
-0.00204236
-0.00204235
0.000484491
0.000484485
0.000218173
0.000218192
-2.90572e-05
-2.90539e-05
-0.000225539
-0.000225533
-0.000360913
-0.000360906
-0.00175068
-0.00175068
-0.001818
-0.00181798
-0.00186423
-0.00186423
-0.00177041
-0.00177042
-0.00153733
-0.00153733
0.00739696
0.00739697
0.0074858
0.0074858
0.00753847
0.00753847
0.00755134
0.00755134
0.00755481
0.00755481
-0.0198154
-0.0198154
-0.019575
-0.019575
-0.0193256
-0.0193256
-0.0190562
-0.0190562
-0.0187762
-0.0187762
0.0196903
0.0196903
0.0195304
0.0195304
0.0192713
0.0192713
0.0187633
0.0187633
0.0178351
0.0178352
0.0175963
0.0175963
0.0250998
0.0250998
0.032161
0.032161
0.0400502
0.0400502
0.0496721
0.0496721
0.0183941
0.0183941
0.0148865
0.0148865
0.01167
0.01167
0.0101581
0.0101581
0.0111398
0.0111398
0.171033
0.171033
0.186386
0.186386
0.201194
0.201194
0.213445
0.213445
0.221122
0.221122
0.00777449
0.00777449
0.016491
0.016491
0.0249418
0.0249418
0.0333455
0.0333455
0.0418722
0.0418722
-0.00226127
-0.00226127
-0.00376164
-0.00376164
0.000602205
0.000602199
0.00823879
0.00823878
0.0166402
0.0166402
0.0493192
0.0493192
0.049866
0.049866
0.0499278
0.0499278
0.0497884
0.0497884
0.0495902
0.0495902
-0.0593831
-0.0593831
-0.0535298
-0.0535298
-0.050101
-0.050101
-0.0501089
-0.0501089
-0.0539402
-0.0539402
0.03389
0.03389
0.0382199
0.0382199
0.0425382
0.0425382
0.0456519
0.0456519
0.0469441
0.0469441
-0.0383365
-0.0383365
-0.0324028
-0.0324028
-0.0234788
-0.0234788
-0.0118737
-0.0118737
0.00124583
0.00124583
0.0593078
0.0593078
0.0625859
0.0625859
0.0649366
0.0649366
0.0656707
0.0656707
0.0645717
0.0645717
-0.118095
-0.118095
-0.119867
-0.119867
-0.12055
-0.12055
-0.12048
-0.12048
-0.120263
-0.120263
-0.059482
-0.059482
-0.0566661
-0.0566661
-0.0522625
-0.0522625
-0.0457287
-0.0457287
-0.0369018
-0.0369018
0.10061
0.10061
0.103138
0.103138
0.106108
0.106108
0.109358
0.109358
0.112476
0.112476
0.0711918
0.0711918
0.0728107
0.0728107
0.0739739
0.0739739
0.0751495
0.0751495
0.0769153
0.0769153
-0.077942
-0.077942
-0.075063
-0.075063
-0.0708015
-0.0708015
-0.065454
-0.065454
-0.0597326
-0.0597326
0.0276449
0.0276449
0.0255569
0.0255569
0.023881
0.023881
0.0233247
0.0233247
0.0240481
0.0240481
-0.0287432
-0.0287432
-0.0268208
-0.0268208
-0.0247445
-0.0247445
-0.0222732
-0.0222732
-0.0193693
-0.0193693
-0.0412478
-0.0412478
-0.040706
-0.040706
-0.0400268
-0.0400268
-0.0390668
-0.0390668
-0.0376279
-0.0376279
-0.0562567
-0.0562567
-0.0540052
-0.0540052
-0.0510276
-0.0510276
-0.0473969
-0.047397
-0.0432968
-0.0432968
0.080139
0.080139
0.0796637
0.0796637
0.0792892
0.0792892
0.0792117
0.0792117
0.079477
0.079477
0.00329118
0.00329119
0.0031494
0.00314939
0.0031577
0.00315769
0.0034769
0.00347691
0.00421789
0.00421791
-0.0439342
-0.0439342
-0.0434437
-0.0434437
-0.0431291
-0.0431291
-0.0429278
-0.0429278
-0.0428147
-0.0428147
-0.018805
-0.018805
-0.0147659
-0.0147659
-0.0109685
-0.0109685
-0.00759111
-0.00759111
-0.00472604
-0.00472603
-0.0168885
-0.0168886
-0.0178477
-0.0178477
-0.0189689
-0.0189689
-0.020115
-0.020115
-0.0210291
-0.0210292
-0.0106253
-0.0106252
-0.0104468
-0.0104468
-0.0101068
-0.0101068
-0.00966532
-0.00966532
-0.0092017
-0.0092017
-0.0467846
-0.0467846
-0.0456772
-0.0456772
-0.044118
-0.044118
-0.0421724
-0.0421725
-0.0400014
-0.0400014
0.0810094
0.0810094
0.0835462
0.0835462
0.0857693
0.0857693
0.0876559
0.0876559
0.0893492
0.0893492
0.00587754
0.00587753
0.00353743
0.00353743
0.00121948
0.00121947
-0.00122724
-0.00122723
-0.00390009
-0.0039001
-0.0684081
-0.0684081
-0.0680266
-0.0680266
-0.067752
-0.067752
-0.0676086
-0.0676086
-0.0675027
-0.0675027
0.0378963
0.0378963
0.0371608
0.0371608
0.0363883
0.0363883
0.0355794
0.0355794
0.0347951
0.0347951
0.0218238
0.0218239
0.0232357
0.0232357
0.0247113
0.0247113
0.026226
0.0262259
0.0277355
0.0277355
0.00555799
0.00555799
0.00470167
0.00470168
0.00343023
0.00343022
0.00172327
0.00172327
-0.000262405
-0.000262402
0.0547202
0.0547202
0.0551356
0.0551356
0.0553634
0.0553634
0.0555712
0.0555712
0.0558927
0.0558927
-0.0164065
-0.0164065
-0.0184529
-0.0184529
-0.0203683
-0.0203683
-0.0219903
-0.0219903
-0.0232297
-0.0232297
-0.0731753
-0.0731753
-0.0726732
-0.0726732
-0.0721225
-0.0721225
-0.0715521
-0.0715521
-0.0709142
-0.0709142
0.0389306
0.0389306
0.0385279
0.0385279
0.0380901
0.0380901
0.0376138
0.0376138
0.037157
0.037157
-0.0066491
-0.0066491
-0.00570162
-0.00570162
-0.00524873
-0.00524874
-0.00514903
-0.00514903
-0.00512302
-0.00512301
0.000645216
0.000645219
0.000696697
0.000696694
0.000859628
0.000859632
0.00107734
0.00107734
0.00126132
0.00126133
0.0179898
0.0179898
0.018925
0.018925
0.0194962
0.0194962
0.0198688
0.0198688
0.0202539
0.0202539
0.00651646
0.00651647
0.00680166
0.00680167
0.00726589
0.00726589
0.00769025
0.00769023
0.00787602
0.00787601
-0.00587796
-0.00587795
-0.00665056
-0.00665055
-0.00715714
-0.00715713
-0.00740047
-0.00740047
-0.00751024
-0.00751022
-0.00409703
-0.00409704
-0.00347459
-0.0034746
-0.00277831
-0.0027783
-0.00212573
-0.00212574
-0.00157425
-0.00157424
0.0120774
0.0120774
0.0117505
0.0117505
0.0115363
0.0115363
0.0107854
0.0107855
0.00929168
0.00929167
-0.032929
-0.032929
-0.0340944
-0.0340944
-0.0351756
-0.0351755
-0.0359117
-0.0359117
-0.0361574
-0.0361574
0.00495419
0.00495419
0.00537198
0.00537198
0.00568468
0.00568468
0.00594263
0.00594264
0.00625507
0.00625507
0.00489774
0.00489773
0.00460081
0.00460082
0.00459146
0.00459146
0.00489218
0.00489217
0.00545501
0.005455
0.00509807
0.00509807
0.00435916
0.00435916
0.00338816
0.00338817
0.00231548
0.00231548
0.00124826
0.00124826
-0.011868
-0.011868
-0.0120938
-0.0120938
-0.0120342
-0.0120342
-0.011734
-0.011734
-0.0114306
-0.0114306
-0.00176082
-0.00176081
-0.000577252
-0.000577255
0.000810632
0.000810623
0.00185007
0.00185008
0.00199993
0.00199993
0.00101056
0.00101055
0.00210172
0.00210172
0.0027961
0.0027961
0.00250913
0.00250913
0.00147767
0.00147766
-0.00556044
-0.00556044
-0.00552338
-0.00552339
-0.00562498
-0.00562498
-0.00580132
-0.00580131
-0.00580094
-0.00580094
0.00147449
0.00147449
0.00127698
0.00127697
0.000912532
0.000912525
0.000753121
0.000753121
0.000903636
0.000903639
0.000889997
0.00089
0.00144214
0.00144214
0.00189594
0.00189595
0.0022012
0.0022012
0.00242335
0.00242336
-0.000858169
-0.000858169
-0.00142871
-0.00142872
-0.00194835
-0.00194835
-0.00234179
-0.00234179
-0.0026377
-0.00263772
0.0038029
0.00380289
0.00325132
0.00325132
0.00273039
0.0027304
0.00257383
0.00257383
0.00282213
0.00282212
-0.00140041
-0.00140041
-0.00192833
-0.00192834
-0.00266627
-0.00266627
-0.00333547
-0.00333547
-0.00371035
-0.00371034
-0.000140183
-0.000140192
2.39615e-05
2.39615e-05
0.000247059
0.000247053
0.000438405
0.000438415
0.000571023
0.000571013
-0.00193285
-0.00193285
-0.00166761
-0.00166761
-0.00135077
-0.00135077
-0.00109565
-0.00109564
-0.00101496
-0.00101497
0.0102651
0.0102651
0.0103554
0.0103554
0.010556
0.0105559
0.0109822
0.0109822
0.0116137
0.0116137
0.00266914
0.00266914
0.00183978
0.00183978
0.000842728
0.000842719
-0.000193411
-0.000193398
-0.00119791
-0.00119791
-0.0784168
-0.0784168
-0.0833337
-0.0833337
-0.0878577
-0.0878577
-0.0918177
-0.0918177
-0.0951979
-0.0951979
-0.0208138
-0.0208138
-0.0247962
-0.0247962
-0.0279434
-0.0279434
-0.030383
-0.030383
-0.0325155
-0.0325155
0.0571388
0.0571388
0.055917
0.055917
0.0549259
0.0549259
0.0546259
0.0546259
0.0553276
0.0553276
0.0427111
0.0427111
0.0400828
0.0400828
0.0349805
0.0349805
0.0273276
0.0273276
0.0180145
0.0180145
0.0223964
0.0223964
0.0204867
0.0204867
0.0202406
0.0202406
0.0213665
0.0213665
0.0236125
0.0236125
0.028625
0.028625
0.0255064
0.0255064
0.0223938
0.0223938
0.0186784
0.0186784
0.0136561
0.0136561
0.0284984
0.0284984
0.0260507
0.0260507
0.0216203
0.0216203
0.0151503
0.0151503
0.00727223
0.00727222
0.0495073
0.0495073
0.0542196
0.0542196
0.057781
0.057781
0.0608128
0.0608128
0.0635822
0.0635822
0.00321989
0.00321989
0.00116884
0.00116883
-0.00182456
-0.00182456
-0.00526942
-0.00526941
-0.0086568
-0.00865681
-0.040514
-0.040514
-0.0420736
-0.0420736
-0.0447662
-0.0447662
-0.0479156
-0.0479156
-0.0508422
-0.0508422
0.0575293
0.0575293
0.0585165
0.0585165
0.0602404
0.0602404
0.0623075
0.0623075
0.0643446
0.0643446
0.0157061
0.0157061
0.0100781
0.0100781
0.0043764
0.0043764
-0.00124967
-0.00124967
-0.0065247
-0.0065247
-0.0817398
-0.0817398
-0.0810427
-0.0810427
-0.080791
-0.080791
-0.0807608
-0.0807608
-0.0807581
-0.0807581
-0.0316079
-0.0316079
-0.0328903
-0.0328903
-0.0352657
-0.0352657
-0.0385298
-0.0385298
-0.0422177
-0.0422177
0.0754368
0.0754368
0.0726268
0.0726268
0.070393
0.070393
0.0687007
0.0687007
0.0673996
0.0673996
0.0233914
0.0233914
0.02359
0.02359
0.0233971
0.0233971
0.0232583
0.0232583
0.0235476
0.0235476
0.0535591
0.0535591
0.0492809
0.0492809
0.0455836
0.0455835
0.0430462
0.0430462
0.0420617
0.0420617
0.0592362
0.0592362
0.0608598
0.0608598
0.0614078
0.0614078
0.0607482
0.0607482
0.0590127
0.0590127
-0.160716
-0.160716
-0.161264
-0.161264
-0.16231
-0.16231
-0.163994
-0.163994
-0.165759
-0.165759
-0.0265937
-0.0265937
-0.0191237
-0.0191237
-0.0127093
-0.0127093
-0.00895416
-0.00895415
-0.0088364
-0.0088364
0.123847
0.123847
0.125571
0.125571
0.125923
0.125923
0.124794
0.124794
0.122221
0.122221
-0.0419082
-0.0419082
-0.0368781
-0.0368781
-0.0305452
-0.0305452
-0.0238807
-0.0238807
-0.0182627
-0.0182627
-0.0192812
-0.0192812
-0.0113848
-0.0113848
-0.00406283
-0.00406283
0.00130509
0.00130508
0.00391731
0.00391729
0.0920666
0.0920666
0.0917509
0.0917509
0.090226
0.090226
0.0876826
0.0876826
0.0843951
0.0843951
-0.0198271
-0.0198271
-0.0223962
-0.0223962
-0.0247156
-0.0247156
-0.0267054
-0.0267054
-0.0284454
-0.0284454
-0.111587
-0.111587
-0.112343
-0.112343
-0.113295
-0.113295
-0.114322
-0.114322
-0.115275
-0.115275
0.0135922
0.0135921
0.0131516
0.0131516
0.0128169
0.0128169
0.0128735
0.0128735
0.0134728
0.0134727
0.0754881
0.0754881
0.0744721
0.0744721
0.0732209
0.0732209
0.0719691
0.0719691
0.0708937
0.0708937
0.0077783
0.0077783
0.00603131
0.00603132
0.00435562
0.00435563
0.00255829
0.00255829
0.000401016
0.000401012
-0.0637665
-0.0637665
-0.0627233
-0.0627233
-0.0612236
-0.0612236
-0.0592714
-0.0592715
-0.0570048
-0.0570048
0.0555794
0.0555794
0.0565324
0.0565323
0.0573967
0.0573967
0.0580879
0.0580879
0.0585392
0.0585392
0.05372
0.05372
0.0524435
0.0524436
0.0510308
0.0510308
0.0493335
0.0493335
0.0472571
0.0472571
-0.0997788
-0.0997788
-0.100567
-0.100567
-0.101418
-0.101418
-0.102038
-0.102038
-0.102144
-0.102144
-0.0233961
-0.0233961
-0.0210073
-0.0210073
-0.0191052
-0.0191052
-0.0177504
-0.0177504
-0.0169189
-0.0169189
0.0408923
0.0408924
0.0418271
0.0418271
0.0420433
0.0420433
0.0416661
0.0416661
0.0409979
0.0409979
0.00947259
0.0094726
0.00567722
0.0056772
0.00243467
0.00243467
9.46697e-06
9.46045e-06
-0.00131295
-0.00131295
-0.0237984
-0.0237984
-0.0277203
-0.0277203
-0.033433
-0.033433
-0.0387277
-0.0387277
-0.0412757
-0.0412757
0.00372227
0.00372228
0.0124535
0.0124535
0.0245163
0.0245163
0.0316692
0.0316692
0.0290786
0.0290786
-0.0569484
-0.0569484
-0.0437458
-0.0437458
-0.0232067
-0.0232067
0.00324292
0.00324292
0.0312119
0.0312119
0.0138774
0.0138774
0.0512987
0.0512987
0.0684694
0.0684694
0.0539745
0.0539745
0.00982705
0.00982705
-0.0191603
-0.0191603
-0.00387607
-0.00387607
0.0146613
0.0146613
0.0342658
0.0342658
0.0486065
0.0486065
0.0272268
0.0272268
0.0248354
0.0248354
0.00472471
0.00472471
-0.0205163
-0.0205163
-0.0365256
-0.0365256
0.118062
0.118062
0.0560383
0.0560383
-0.0309709
-0.0309709
-0.110566
-0.110566
-0.150632
-0.150632
-0.0983524
-0.0983524
-0.0775286
-0.0775286
-0.015898
-0.015898
0.062568
0.062568
0.124709
0.124709
-0.0216431
-0.0216431
0.0144272
0.0144272
0.0385717
0.0385717
0.0460601
0.0460601
0.0361527
0.0361527
0.0383318
0.0383318
-0.0189776
-0.0189777
-0.0714263
-0.0714263
-0.0982057
-0.0982057
-0.0914594
-0.0914594
0.00731697
0.00731697
0.0569034
0.0569034
0.0959103
0.0959103
0.1067
0.1067
0.0829894
0.0829894
0.0141957
0.0141957
0.0879364
0.0879364
0.135077
0.135077
0.139965
0.139965
0.100265
0.100265
-0.0139994
-0.0139994
-0.0115307
-0.0115307
-0.00201518
-0.00201516
0.0131065
0.0131066
0.0272003
0.0272003
-0.0410459
-0.0410459
-0.038932
-0.038932
-0.0271302
-0.0271302
-0.00908383
-0.00908384
0.0100062
0.0100062
-0.0305327
-0.0305328
-0.0224457
-0.0224457
-0.00600929
-0.00600929
0.0116755
0.0116755
0.0239497
0.0239497
0.0185802
0.0185802
0.00877466
0.00877465
-0.00422664
-0.00422665
-0.0152716
-0.0152716
-0.0208872
-0.0208872
0.000459445
0.000459445
-0.00763026
-0.00763027
-0.0120926
-0.0120926
-0.0111367
-0.0111367
-0.00502168
-0.00502168
0.0154525
0.0154525
0.0130199
0.0130199
0.00641933
0.00641931
-0.00171424
-0.00171425
-0.00845253
-0.00845252
0.0215118
0.0215118
0.0116697
0.0116697
0.00333344
0.00333344
-0.00127034
-0.00127035
-0.00261628
-0.00261626
-0.0107823
-0.0107823
-0.0147988
-0.0147988
-0.015404
-0.015404
-0.0132602
-0.0132602
-0.00941481
-0.00941481
0.0415244
0.0415244
0.0373147
0.0373147
0.0333024
0.0333024
0.0310082
0.0310082
0.0308632
0.0308632
0.0763055
0.0763055
0.0742189
0.0742189
0.0681707
0.0681707
0.059487
0.059487
0.0504774
0.0504774
-0.00810872
-0.00810871
-0.00519102
-0.00519102
0.00248276
0.00248277
0.0131747
0.0131747
0.0238639
0.0238639
-0.0870277
-0.0870277
-0.089518
-0.089518
-0.0947865
-0.0947865
-0.101446
-0.101446
-0.107776
-0.107776
-0.0175851
-0.017585
-0.0169082
-0.0169082
-0.0210046
-0.0210046
-0.0302559
-0.0302559
-0.043165
-0.043165
0.0590421
0.059042
0.0681154
0.0681154
0.0756258
0.0756258
0.0802245
0.0802245
0.0809963
0.0809963
0.0138146
0.0138146
0.0091354
0.0091354
0.00307295
0.00307294
-0.0035339
-0.0035339
-0.00997817
-0.00997817
-0.0460113
-0.0460113
-0.0443458
-0.0443458
-0.0429992
-0.0429992
-0.0427586
-0.0427586
-0.0434911
-0.0434911
0.0996078
0.0996078
0.105099
0.105099
0.108903
0.108903
0.110382
0.110382
0.109382
0.109382
0.0782944
0.0782944
0.0764803
0.0764803
0.0741257
0.0741257
0.0716869
0.0716869
0.069592
0.069592
0.0294684
0.0294684
0.0267722
0.0267722
0.0237741
0.0237741
0.020209
0.020209
0.0161127
0.0161127
-0.0785345
-0.0785345
-0.0793772
-0.0793772
-0.081295
-0.081295
-0.0842035
-0.0842035
-0.0874801
-0.0874801
-0.0953938
-0.0953938
-0.0948387
-0.0948387
-0.093662
-0.093662
-0.0918569
-0.0918569
-0.0897091
-0.0897091
0.000653795
0.000653792
0.00243099
0.002431
0.00412219
0.00412219
0.00610707
0.00610706
0.00853681
0.00853679
0.0549816
0.0549816
0.0571893
0.0571893
0.0584683
0.0584683
0.0587907
0.0587907
0.0584482
0.0584482
0.0267438
0.0267438
0.0290097
0.0290097
0.0308044
0.0308044
0.0314872
0.0314872
0.030468
0.030468
-0.00118316
-0.00118315
-0.00335276
-0.00335277
-0.00489156
-0.00489156
-0.00560118
-0.00560116
-0.00536053
-0.00536052
0.0242279
0.0242279
0.0256698
0.0256698
0.027049
0.027049
0.0278484
0.0278484
0.0278974
0.0278974
-0.0128411
-0.0128411
-0.0179575
-0.0179575
-0.0223826
-0.0223826
-0.0254845
-0.0254845
-0.026909
-0.026909
-0.00674388
-0.00674388
-0.00854122
-0.00854123
-0.0105891
-0.010589
-0.0128453
-0.0128453
-0.0151832
-0.0151832
-0.0182775
-0.0182775
-0.0203851
-0.0203851
-0.0237277
-0.0237277
-0.0270669
-0.027067
-0.0290096
-0.0290096
-0.0135832
-0.0135832
-0.0146355
-0.0146355
-0.0165772
-0.0165772
-0.0189057
-0.0189057
-0.0214494
-0.0214495
0.0146513
0.0146513
0.0175866
0.0175866
0.0193562
0.0193562
0.0200855
0.0200855
0.0196986
0.0196986
-0.000936548
-0.000936557
0.00022226
0.00022225
0.000877658
0.000877652
0.00121997
0.00121998
0.0015213
0.0015213
-0.00411985
-0.00411986
-0.00267401
-0.00267401
-0.00183955
-0.00183955
-0.00166124
-0.00166124
-0.00191783
-0.00191783
-0.0042942
-0.0042942
-0.00506432
-0.00506433
-0.00539423
-0.00539422
-0.00549195
-0.00549196
-0.00544932
-0.00544932
-0.00141079
-0.00141077
-0.0016974
-0.00169741
-0.00142301
-0.00142302
-0.000596049
-0.000596049
0.000719836
0.000719846
0.0208932
0.0208931
0.0215203
0.0215203
0.0215666
0.0215666
0.0205947
0.0205947
0.0185668
0.0185668
0.0277314
0.0277314
0.0281762
0.0281762
0.029056
0.0290561
0.0301208
0.0301208
0.0310793
0.0310794
0.0442961
0.0442961
0.0440508
0.0440508
0.0439168
0.0439168
0.0437494
0.0437494
0.0435114
0.0435114
0.0666409
0.0666409
0.0655843
0.0655843
0.0645504
0.0645504
0.0636037
0.0636037
0.0629091
0.0629091
0.0411777
0.0411777
0.0417732
0.0417732
0.04262
0.04262
0.0431212
0.0431211
0.0428799
0.0428799
-0.0358539
-0.0358539
-0.0398431
-0.0398431
-0.0434458
-0.0434458
-0.0465926
-0.0465926
-0.0492729
-0.0492729
-0.107972
-0.107972
-0.113086
-0.113086
-0.117372
-0.117372
-0.11986
-0.11986
-0.120272
-0.120272
-0.0896337
-0.0896337
-0.0887214
-0.0887214
-0.0889643
-0.0889643
-0.0892425
-0.0892425
-0.0884209
-0.0884209
0.0285427
0.0285427
0.0319798
0.0319798
0.0356066
0.0356066
0.0391121
0.0391121
0.0422443
0.0422443
0.100811
0.100811
0.10152
0.10152
0.102353
0.102353
0.103103
0.103103
0.103614
0.103614
0.0234836
0.0234836
0.0246493
0.0246493
0.0238923
0.0238923
0.0212139
0.0212139
0.0168454
0.0168454
-0.0254582
-0.0254581
-0.0226368
-0.0226368
-0.0181711
-0.0181711
-0.0131903
-0.0131903
-0.00872965
-0.00872964
0.00113847
0.00113847
-0.00128467
-0.00128467
-0.00380182
-0.00380182
-0.00636917
-0.00636917
-0.00869424
-0.00869423
-0.0662464
-0.0662464
-0.0671562
-0.0671562
-0.0678562
-0.0678562
-0.0683303
-0.0683303
-0.0687053
-0.0687053
0.0040291
0.00402908
0.00512149
0.00512151
0.00638354
0.00638353
0.00783428
0.00783428
0.00953321
0.0095332
0.052991
0.052991
0.0545665
0.0545665
0.0561522
0.0561523
0.0575447
0.0575447
0.0586481
0.0586481
0.0189541
0.0189541
0.0177604
0.0177604
0.016516
0.016516
0.0153376
0.0153376
0.0141766
0.0141766
0.0150753
0.0150752
0.0137096
0.0137096
0.0124082
0.0124082
0.0111795
0.0111795
0.0100081
0.0100082
-0.038741
-0.038741
-0.0395453
-0.0395453
-0.0395158
-0.0395158
-0.0388065
-0.0388065
-0.037649
-0.037649
0.00968397
0.00968396
0.0078105
0.0078105
0.00602106
0.00602107
0.00470373
0.00470374
0.00392715
0.00392714
0.0208857
0.0208857
0.0211219
0.0211219
0.0206763
0.0206763
0.0195075
0.0195075
0.0177634
0.0177634
0.0180028
0.0180028
0.0173271
0.0173271
0.0159165
0.0159165
0.0139255
0.0139255
0.0116212
0.0116212
-0.0137438
-0.0137438
-0.0112918
-0.0112918
-0.00818125
-0.00818125
-0.00523806
-0.00523806
-0.00335826
-0.00335826
0.00836151
0.0083615
0.010549
0.010549
0.0128673
0.0128674
0.0143982
0.0143982
0.0143361
0.0143361
0.0196391
0.0196391
0.0176756
0.0176756
0.0160341
0.0160341
0.0149701
0.0149701
0.0146536
0.0146536
-0.0143149
-0.0143149
-0.0228918
-0.0228918
-0.0310448
-0.0310448
-0.0365105
-0.0365105
-0.0374663
-0.0374663
-0.0172776
-0.0172776
-0.0152072
-0.0152072
-0.0124391
-0.0124391
-0.00929246
-0.00929244
-0.00636334
-0.00636334
0.0141994
0.0141994
0.0180317
0.0180317
0.0202244
0.0202244
0.0187762
0.0187762
0.0131178
0.0131178
0.0407888
0.0407888
0.029757
0.029757
0.0123436
0.0123436
-0.00525058
-0.00525058
-0.0164364
-0.0164364
-0.000413734
-0.00041374
-0.0118204
-0.0118204
-0.0120038
-0.0120038
-0.00426548
-0.00426549
0.00562191
0.00562189
-0.00313654
-0.00313653
0.00649998
0.0065
0.0108634
0.0108634
0.00697788
0.00697787
-0.00392679
-0.00392679
-0.00507164
-0.00507164
-0.00478351
-0.00478351
-0.00626044
-0.00626044
-0.0109763
-0.0109763
-0.0184058
-0.0184058
-0.025843
-0.025843
-0.00815169
-0.0081517
0.0186941
0.0186941
0.0486238
0.0486238
0.0714703
0.0714703
0.000569114
0.000569114
0.0103181
0.0103181
0.0155082
0.0155082
0.0139188
0.0139188
0.00485331
0.0048533
0.00408618
0.00408618
0.0175881
0.0175881
0.0278695
0.0278695
0.0321786
0.0321786
0.0314553
0.0314553
-0.0216675
-0.0216675
0.006968
0.00696801
0.0280233
0.0280233
0.0349831
0.0349831
0.0279206
0.0279206
-0.0404016
-0.0404016
-0.0304607
-0.0304607
-0.00965245
-0.00965245
0.0150753
0.0150753
0.0349855
0.0349855
-0.0184484
-0.0184484
-0.00803181
-0.00803181
0.0043514
0.0043514
0.0142722
0.0142722
0.0170316
0.0170316
0.00679086
0.00679087
0.0570436
0.0570436
0.0840744
0.0840744
0.0797369
0.0797369
0.048014
0.048014
-0.0431619
-0.0431619
-0.0707323
-0.0707323
-0.07461
-0.07461
-0.0521161
-0.0521161
-0.0082963
-0.00829629
0.0679122
0.0679122
0.0421481
0.0421481
0.00348561
0.00348561
-0.0303605
-0.0303605
-0.0463622
-0.0463622
-0.0246498
-0.0246498
-0.0263776
-0.0263776
-0.0200369
-0.0200369
-0.00719994
-0.00719994
0.00733744
0.00733745
-0.0241161
-0.0241161
-0.0459325
-0.0459324
-0.0564319
-0.0564319
-0.0506037
-0.0506037
-0.0283346
-0.0283346
0.0157703
0.0157704
0.0141999
0.0141999
0.00254591
0.0025459
-0.0125348
-0.0125348
-0.0238381
-0.0238381
0.0290134
0.0290134
0.0412413
0.0412413
0.0415237
0.0415237
0.0276976
0.0276976
0.00316475
0.00316475
-0.0495324
-0.0495324
-0.0497978
-0.0497978
-0.0319305
-0.0319305
-0.00226955
-0.00226955
0.0277599
0.0277599
0.0289103
0.0289103
0.0404925
0.0404925
0.0426414
0.0426414
0.0337919
0.0337919
0.0138055
0.0138055
-0.0133213
-0.0133213
-0.0151145
-0.0151145
-0.0123585
-0.0123585
-0.00472826
-0.00472826
0.00673796
0.00673797
-0.0130353
-0.0130353
-0.0232379
-0.0232379
-0.0272558
-0.0272558
-0.0236011
-0.0236011
-0.0133236
-0.0133236
0.0217174
0.0217174
0.0205476
0.0205476
0.0138298
0.0138298
0.00451251
0.00451251
-0.00409846
-0.00409845
-0.0117788
-0.0117788
-0.0187048
-0.0187048
-0.0198072
-0.0198072
-0.0143572
-0.0143572
-0.0035688
-0.0035688
-0.00787168
-0.00787166
-0.00619636
-0.00619636
-0.00334016
-0.00334016
-0.000595485
-0.000595492
0.00107508
0.00107509
0.0124768
0.0124768
0.014112
0.014112
0.0120496
0.0120497
0.00638786
0.00638786
-0.001325
-0.001325
0.004591
0.00459098
0.00857038
0.00857037
0.0111075
0.0111075
0.0117063
0.0117063
0.0105307
0.0105307
-0.00239354
-0.00239354
-0.00309001
-0.00309
-0.00405957
-0.00405958
-0.00469981
-0.0046998
-0.00454952
-0.00454952
0.00225609
0.00225611
0.00406775
0.00406775
0.00633877
0.00633877
0.00807325
0.00807323
0.00857621
0.00857622
-0.000577216
-0.000577213
0.000845413
0.000845417
0.00184343
0.00184343
0.00223553
0.00223554
0.00211487
0.00211486
0.00288875
0.00288875
0.00328726
0.00328725
0.00278681
0.00278682
0.00168901
0.001689
0.000533921
0.000533924
-0.00483208
-0.00483208
-0.00398771
-0.00398772
-0.00236098
-0.00236098
-0.000697194
-0.000697194
0.000299213
0.00029921
-0.00344802
-0.00344802
-0.004742
-0.00474201
-0.00537934
-0.00537933
-0.00498163
-0.00498162
-0.00360507
-0.00360506
-0.000275341
-0.00027535
-0.000139349
-0.000139355
0.000348652
0.000348643
0.0010992
0.0010992
0.00189166
0.00189166
-0.00170987
-0.00170987
-0.00149531
-0.0014953
-0.00178845
-0.00178845
-0.00232408
-0.00232408
-0.00274934
-0.00274935
0.00439934
0.00439933
0.00370433
0.00370431
0.00317652
0.00317653
0.00312709
0.00312709
0.00356096
0.00356097
-0.00116582
-0.00116581
3.80272e-05
3.804e-05
0.00118966
0.00118966
0.00186198
0.00186198
0.00187574
0.00187574
-0.000559803
-0.000559809
-0.00018162
-0.000181607
-0.000469692
-0.000469692
-0.00143287
-0.00143287
-0.00277982
-0.00277981
-0.000634185
-0.000634179
-0.000141647
-0.000141644
0.00037027
0.00037027
0.000519357
0.00051936
0.000307715
0.000307715
-0.000942259
-0.000942265
-0.00102487
-0.00102488
-0.000895341
-0.000895334
-0.000769046
-0.000769042
-0.000812383
-0.000812376
0.00072408
0.000724074
0.000729648
0.000729648
0.00077618
0.00077619
0.00094713
0.000947117
0.00119318
0.00119318
0.00109353
0.00109353
0.000637234
0.000637234
0.000412716
0.000412716
0.000417957
0.00041795
0.000612237
0.000612231
0.00127262
0.00127263
0.00110994
0.00110993
0.00010057
0.000100561
-0.00119976
-0.00119976
-0.00214257
-0.00214256
0.000602397
0.000602391
0.000476638
0.000476638
0.000252901
0.00025291
8.51132e-05
8.51196e-05
0.000127066
0.00012706
-0.00192257
-0.00192256
-0.00143518
-0.00143518
-0.000933213
-0.000933219
-0.000763776
-0.000763779
-0.00107043
-0.00107044
-0.000658315
-0.000658321
-0.00045948
-0.00045948
-0.000367987
-0.000367984
-0.000401342
-0.000401335
-0.000455035
-0.000455029
-0.00189114
-0.00189114
-0.00173326
-0.00173325
-0.00138401
-0.00138402
-0.000981454
-0.000981457
-0.000647618
-0.000647621
-0.00214894
-0.00214893
-0.00234716
-0.00234715
-0.00275122
-0.00275123
-0.00319043
-0.00319041
-0.00343667
-0.00343666
0.00185052
0.00185052
0.00212278
0.00212277
0.00237154
0.00237154
0.00245124
0.00245125
0.00226087
0.00226087
0.000269212
0.000269205
4.07816e-05
4.0785e-05
-0.000213781
-0.000213772
-0.000273561
-0.000273554
-4.55344e-05
-4.55377e-05
0.000114787
0.000114781
0.000225072
0.000225065
0.000218835
0.000218835
5.10946e-05
5.11105e-05
-0.000228966
-0.000228975
-0.000729021
-0.000729017
-0.00122469
-0.00122469
-0.00156102
-0.00156103
-0.00157703
-0.00157702
-0.0012818
-0.00128182
-0.00117906
-0.00117907
-0.00107694
-0.00107694
-0.000676908
-0.00067691
-0.000208664
-0.00020867
9.42131e-05
9.42065e-05
-0.0010597
-0.0010597
-0.000831036
-0.000831046
-0.000557868
-0.000557875
-0.000426886
-0.000426892
-0.000502119
-0.000502122
-0.000400884
-0.000400887
-0.000426767
-0.000426776
-0.000727697
-0.000727706
-0.00114202
-0.00114203
-0.00144523
-0.00144523
-4.27981e-05
-4.27981e-05
-2.16221e-05
-2.16316e-05
-0.000255607
-0.000255614
-0.000661238
-0.000661228
-0.000975218
-0.000975218
0.000573988
0.000573991
0.00027214
0.000272144
-0.000214173
-0.000214192
-0.000606704
-0.000606704
-0.000739504
-0.000739491
0.000546246
0.000546243
0.000260696
0.000260686
-0.00015597
-0.000155966
-0.000607937
-0.000607944
-0.000968174
-0.000968167
0.000160594
0.000160598
-6.34559e-05
-6.34461e-05
-0.000370427
-0.000370421
-0.000764768
-0.000764765
-0.0011311
-0.00113112
0.000622044
0.000622031
0.000333646
0.000333649
0.000265806
0.000265796
0.000358893
0.000358897
0.000497645
0.000497648
-0.000486287
-0.000486278
-0.000587319
-0.000587325
-0.000605065
-0.000605082
-0.000567172
-0.000567178
-0.000552678
-0.000552671
0.000398134
0.000398134
0.00022465
0.000224657
0.000212852
0.000212858
0.000275138
0.000275129
0.000327713
0.000327725
0.00142039
0.0014204
0.00119797
0.00119796
0.000886134
0.000886141
0.000642959
0.000642953
0.000551238
0.000551241
-0.000526442
-0.000526442
-0.00049589
-0.000495894
-0.000467557
-0.000467563
-0.000584152
-0.000584158
-0.000854778
-0.000854772
-0.0003341
-0.0003341
-0.000210831
-0.000210844
7.40288e-06
7.39657e-06
0.000199944
0.000199928
0.000264173
0.000264182
0.000294846
0.000294846
0.000265791
0.000265781
0.000280543
0.000280546
0.000366376
0.000366373
0.000490575
0.000490579
-0.00240781
-0.00240781
-0.00272566
-0.00272567
-0.00332581
-0.00332582
-0.00394422
-0.00394421
-0.00428892
-0.00428891
0.000920848
0.000920851
0.00139787
0.00139787
0.00172808
0.00172808
0.00179521
0.0017952
0.00161842
0.00161842
-0.000521182
-0.000521179
-0.000391264
-0.000391261
-0.000203461
-0.000203454
-0.000108602
-0.000108602
-0.000222967
-0.000222967
-0.00337145
-0.00337146
-0.00291605
-0.00291605
-0.00234519
-0.00234518
-0.0018755
-0.00187551
-0.00169906
-0.00169906
0.00298994
0.00298993
0.00299254
0.00299255
0.00311141
0.00311142
0.00328383
0.00328382
0.00339736
0.00339736
-0.000909434
-0.000909437
-0.000927389
-0.000927396
-0.000885786
-0.000885789
-0.000932012
-0.000932002
-0.00115922
-0.00115922
-0.00391243
-0.00391244
-0.0034179
-0.00341789
-0.00290464
-0.00290464
-0.00253954
-0.00253954
-0.00241778
-0.00241777
0.00787592
0.00787592
0.00751274
0.00751275
0.00747532
0.00747533
0.00770256
0.00770256
0.00799571
0.00799572
-0.00630424
-0.00630424
-0.00639555
-0.00639556
-0.00643905
-0.00643905
-0.00649242
-0.00649242
-0.00660892
-0.00660892
-0.000234331
-0.000234328
-0.000431202
-0.000431196
-0.000471433
-0.000471449
-0.000408938
-0.000408928
-0.000301133
-0.000301133
0.00474426
0.00474427
0.00424875
0.00424875
0.00382871
0.0038287
0.0036002
0.0036002
0.00362532
0.00362534
-0.0108629
-0.0108629
-0.0108973
-0.0108973
-0.0110635
-0.0110635
-0.011318
-0.011318
-0.0114964
-0.0114964
0.00578222
0.00578223
0.00554286
0.00554285
0.00537988
0.00537987
0.00534166
0.00534165
0.00543124
0.00543125
-0.00411907
-0.00411907
-0.00395721
-0.0039572
-0.00321306
-0.00321305
-0.00218791
-0.00218791
-0.00131431
-0.00131432
-0.00503076
-0.00503077
-0.00434038
-0.00434038
-0.00292283
-0.00292284
-0.00130249
-0.00130248
-4.66062e-05
-4.66125e-05
-0.00593351
-0.00593349
-0.00442383
-0.00442383
-0.00312726
-0.00312726
-0.00241178
-0.00241178
-0.00248119
-0.00248119
-0.00630201
-0.00630201
-0.00578678
-0.0057868
-0.0052311
-0.0052311
-0.00449374
-0.00449376
-0.00349138
-0.00349138
-0.00607422
-0.00607422
-0.00884073
-0.00884072
-0.0104891
-0.0104892
-0.00953274
-0.00953274
-0.00507147
-0.00507146
0.00397764
0.00397763
0.00602207
0.00602207
0.00719864
0.00719865
0.00713384
0.00713384
0.00582924
0.00582924
-0.0125387
-0.0125387
-0.00909183
-0.00909184
-0.00711767
-0.00711767
-0.00708955
-0.00708955
-0.00883715
-0.00883715
-0.0226432
-0.0226432
-0.0201289
-0.0201289
-0.0174558
-0.0174558
-0.0152802
-0.0152802
-0.0139231
-0.0139231
0.0498982
0.0498982
0.0530648
0.0530648
0.0508002
0.0508002
0.0429176
0.0429176
0.0309818
0.0309818
0.0486938
0.0486938
0.0486395
0.0486395
0.0484799
0.0484798
0.048831
0.0488309
0.0497847
0.0497847
0.0773964
0.0773964
0.076455
0.076455
0.0732299
0.0732299
0.0687695
0.0687695
0.0642776
0.0642776
0.0443888
0.0443888
0.0403311
0.0403311
0.0373046
0.0373046
0.0358261
0.0358261
0.0358412
0.0358412
-0.0460131
-0.0460131
-0.0461673
-0.0461673
-0.0459333
-0.0459333
-0.0456519
-0.0456519
-0.0458727
-0.0458727
-0.115874
-0.115874
-0.112677
-0.112677
-0.105861
-0.105861
-0.0975151
-0.0975151
-0.0901899
-0.0901899
-0.0315986
-0.0315986
-0.0297172
-0.0297172
-0.0267903
-0.0267903
-0.0222568
-0.0222568
-0.016327
-0.016327
0.038377
0.038377
0.0417792
0.0417792
0.0455258
0.0455258
0.0493739
0.0493739
0.0534377
0.0534377
0.014105
0.014105
0.0165328
0.0165328
0.0221205
0.0221205
0.0295525
0.0295525
0.0371343
0.0371343
-0.0431131
-0.0431131
-0.0513908
-0.0513908
-0.0577443
-0.0577443
-0.0616126
-0.0616126
-0.0626354
-0.0626354
-0.0886977
-0.0886977
-0.0735066
-0.0735066
-0.0583674
-0.0583673
-0.044802
-0.044802
-0.0340974
-0.0340974
-0.016979
-0.016979
-0.00475968
-0.00475966
0.00596121
0.00596121
0.0149611
0.0149611
0.0223645
0.0223645
0.0481186
0.0481186
0.0471094
0.0471094
0.0450182
0.0450182
0.0427282
0.0427282
0.0409629
0.0409629
0.0737985
0.0737985
0.0734024
0.0734024
0.0716467
0.0716467
0.0680008
0.0680008
0.0627468
0.0627468
0.0156151
0.0156151
0.0114886
0.0114886
0.00569434
0.00569435
-0.00120624
-0.00120625
-0.00824327
-0.00824327
-0.102666
-0.102666
-0.104741
-0.104741
-0.104869
-0.104869
-0.102423
-0.102423
-0.0973109
-0.0973109
0.0676922
0.0676922
0.0684722
0.0684722
0.0684584
0.0684584
0.0678023
0.0678023
0.0667869
0.0667869
-0.027242
-0.027242
-0.0133213
-0.0133213
0.00148
0.00148001
0.0141779
0.014178
0.0240992
0.0240992
0.165172
0.165172
0.161199
0.161199
0.156136
0.156136
0.148611
0.148611
0.138705
0.138705
0.0287257
0.0287258
0.0126528
0.0126528
-0.000460638
-0.000460644
-0.00854822
-0.00854822
-0.0110986
-0.0110986
0.0384052
0.0384052
0.0421963
0.0421963
0.0460157
0.0460157
0.0497888
0.0497888
0.0534254
0.0534254
0.0253042
0.0253042
0.0229629
0.0229629
0.0214543
0.0214543
0.0206714
0.0206714
0.0200929
0.0200929
-0.00134181
-0.00134182
-0.00044454
-0.000444559
0.00116271
0.00116272
0.00338626
0.00338627
0.00556446
0.00556447
0.0230632
0.0230632
0.0161747
0.0161747
0.0091141
0.00911409
0.00301824
0.00301823
-0.00127696
-0.00127696
0.00587431
0.0058743
0.00332417
0.00332416
4.80307e-05
4.80338e-05
-0.00385517
-0.00385517
-0.00770037
-0.00770036
0.0500451
0.0500451
0.0378708
0.0378708
0.0276535
0.0276535
0.0205144
0.0205144
0.0167448
0.0167448
0.0468923
0.0468923
0.0487852
0.0487852
0.0511875
0.0511875
0.0525175
0.0525175
0.0519864
0.0519864
0.0254233
0.0254233
0.0264644
0.0264644
0.0232264
0.0232264
0.0171611
0.017161
0.0102484
0.0102484
0.0409328
0.0409328
0.0398231
0.0398231
0.0404607
0.0404607
0.0438489
0.0438489
0.0499927
0.0499927
0.0860322
0.0860322
0.0848918
0.0848918
0.0849986
0.0849986
0.0856855
0.0856855
0.0865046
0.0865046
0.0570953
0.0570953
0.0557599
0.0557599
0.0528404
0.0528404
0.0488146
0.0488146
0.0443147
0.0443147
0.0238545
0.0238546
0.0223644
0.0223644
0.0202609
0.0202609
0.018113
0.018113
0.0161137
0.0161137
0.0136506
0.0136506
0.0138475
0.0138475
0.014651
0.014651
0.0157252
0.0157252
0.0167626
0.0167626
-0.00231979
-0.00231979
-0.00357119
-0.00357119
-0.00375299
-0.00375299
-0.00280561
-0.0028056
-0.00119857
-0.00119856
0.0295826
0.0295826
0.0260707
0.0260707
0.0222377
0.0222377
0.0199779
0.0199779
0.0207492
0.0207492
0.036307
0.036307
0.0349541
0.0349541
0.0325044
0.0325044
0.029222
0.029222
0.025643
0.025643
0.00887382
0.00887383
0.0071775
0.0071775
0.00471091
0.00471091
0.00211175
0.00211176
0.00049485
0.000494863
-0.0171796
-0.0171796
-0.0184977
-0.0184977
-0.0200161
-0.0200161
-0.0214101
-0.0214101
-0.0213623
-0.0213624
-0.00726227
-0.00726228
-0.00893626
-0.00893626
-0.0108185
-0.0108185
-0.0122816
-0.0122816
-0.0133463
-0.0133463
-0.0228826
-0.0228826
-0.025123
-0.025123
-0.0276683
-0.0276683
-0.0302613
-0.0302613
-0.0322618
-0.0322618
-0.0104474
-0.0104474
-0.0146355
-0.0146355
-0.0193614
-0.0193614
-0.0226268
-0.0226268
-0.0240972
-0.0240972
-0.0212667
-0.0212667
-0.0239607
-0.0239607
-0.0266848
-0.0266848
-0.0298133
-0.0298133
-0.0332783
-0.0332783
-0.0402728
-0.0402729
-0.0386846
-0.0386847
-0.0373785
-0.0373785
-0.0366189
-0.0366189
-0.0361764
-0.0361764
-0.0331422
-0.0331422
-0.0256416
-0.0256416
-0.0183043
-0.0183043
-0.0121817
-0.0121817
-0.00867882
-0.00867883
-0.0826148
-0.0826148
-0.0851505
-0.0851505
-0.0851312
-0.0851312
-0.0837263
-0.0837263
-0.0828093
-0.0828093
-0.0572163
-0.0572163
-0.0570927
-0.0570927
-0.0575935
-0.0575935
-0.0589243
-0.0589243
-0.0604846
-0.0604846
-0.0660257
-0.0660257
-0.0648627
-0.0648627
-0.0639282
-0.0639282
-0.063177
-0.063177
-0.062407
-0.062407
-0.0464909
-0.0464909
-0.0437489
-0.0437488
-0.0413681
-0.0413681
-0.0393809
-0.0393809
-0.0378092
-0.0378092
-0.0317017
-0.0317017
-0.0338022
-0.0338023
-0.0349936
-0.0349936
-0.0353228
-0.0353228
-0.0349714
-0.0349714
-0.0307322
-0.0307322
-0.0296842
-0.0296842
-0.0291268
-0.0291268
-0.0291402
-0.0291402
-0.0294655
-0.0294655
-0.0332502
-0.0332502
-0.0275836
-0.0275836
-0.0207956
-0.0207956
-0.013694
-0.013694
-0.00709285
-0.00709284
-0.0241432
-0.0241432
-0.0217754
-0.0217754
-0.0203576
-0.0203576
-0.0203358
-0.0203357
-0.0217434
-0.0217434
-0.00797524
-0.00797524
-0.00770656
-0.00770656
-0.00913991
-0.00913992
-0.0119183
-0.0119183
-0.0152444
-0.0152444
-0.0182244
-0.0182244
-0.0184532
-0.0184532
-0.0194651
-0.0194651
-0.0205378
-0.0205378
-0.0208583
-0.0208583
0.0295844
0.0295844
0.0250792
0.0250792
0.0160649
0.0160649
0.00360896
0.00360898
-0.0101347
-0.0101346
0.00175387
0.00175388
0.00287519
0.00287521
0.00367709
0.00367708
0.00393936
0.00393935
0.00305142
0.00305142
0.00788166
0.00788167
0.00699351
0.00699352
0.0052209
0.00522091
0.00247708
0.00247708
-0.00104467
-0.00104465
-0.0199105
-0.0199105
-0.0106677
-0.0106677
-0.00119583
-0.00119582
0.00610546
0.00610545
0.0095306
0.00953061
0.0123115
0.0123115
0.0122015
0.0122015
0.011872
0.011872
0.0111315
0.0111315
0.00963371
0.00963371
-0.00521137
-0.00521136
-0.00548248
-0.00548247
-0.00632786
-0.00632785
-0.00694223
-0.00694224
-0.00702488
-0.00702487
-0.00895685
-0.00895685
-0.0155459
-0.0155459
-0.0176485
-0.0176485
-0.0140208
-0.0140208
-0.00529212
-0.00529212
0.0114946
0.0114946
0.0121844
0.0121844
0.0131575
0.0131575
0.0136282
0.0136282
0.0129522
0.0129522
0.00789044
0.00789044
0.00842442
0.00842442
0.0087648
0.00876481
0.00860581
0.00860581
0.00796919
0.00796918
0.00593446
0.00593447
0.00803743
0.00803744
0.0102091
0.0102091
0.0115908
0.0115908
0.01178
0.01178
0.00358992
0.00358993
0.00498373
0.00498373
0.00752924
0.00752923
0.0112999
0.0112999
0.0155859
0.0155859
0.0107202
0.0107202
0.00779832
0.00779832
0.00546738
0.00546738
0.00430441
0.00430441
0.00468056
0.00468056
-0.00188974
-0.00188974
-0.00142183
-0.00142184
-0.00160446
-0.00160446
-0.00271906
-0.00271905
-0.0042968
-0.00429679
0.0361945
0.0361945
0.0303297
0.0303297
0.0269943
0.0269943
0.0290295
0.0290295
0.0356811
0.0356811
0.0308197
0.0308197
0.0319625
0.0319625
0.0329867
0.0329867
0.0323317
0.0323317
0.0293486
0.0293486
-0.00416769
-0.00416769
-0.00309812
-0.00309813
-0.00142338
-0.00142338
0.00123567
0.00123567
0.00435793
0.00435791
0.0261677
0.0261677
0.028188
0.028188
0.0303346
0.0303346
0.0326074
0.0326074
0.0346654
0.0346654
-0.0317271
-0.0317271
-0.0303434
-0.0303434
-0.0265901
-0.0265901
-0.022084
-0.022084
-0.018605
-0.018605
-0.0241792
-0.0241792
-0.0213824
-0.0213824
-0.016172
-0.016172
-0.00890896
-0.00890895
-0.000801532
-0.000801541
0.0187757
0.0187757
0.0205009
0.0205009
0.0214291
0.0214291
0.0217692
0.0217692
0.0215948
0.0215947
0.0143717
0.0143717
0.0136373
0.0136373
0.0118472
0.0118472
0.00882093
0.00882095
0.00465388
0.00465388
0.00862388
0.00862389
0.0102578
0.0102578
0.0113358
0.0113358
0.0117652
0.0117652
0.0116263
0.0116263
-0.013519
-0.013519
-0.0120736
-0.0120736
-0.00937373
-0.00937372
-0.00607825
-0.00607826
-0.00280839
-0.00280838
0.00772642
0.00772641
0.00573694
0.00573693
0.00358943
0.00358944
0.00198453
0.00198454
0.0012502
0.00125019
0.0154263
0.0154263
0.0142763
0.0142763
0.0132903
0.0132903
0.0122772
0.0122772
0.0108873
0.0108873
-0.0154713
-0.0154713
-0.0157996
-0.0157997
-0.0148395
-0.0148395
-0.0129629
-0.0129629
-0.0107762
-0.0107762
0.00159772
0.00159774
0.00236893
0.00236893
0.00426235
0.00426236
0.00672156
0.00672157
0.00900777
0.00900777
-0.0092475
-0.00924752
-0.0101304
-0.0101304
-0.0115117
-0.0115117
-0.0129597
-0.0129597
-0.0139904
-0.0139904
0.0541765
0.0541765
0.0513374
0.0513374
0.0471128
0.0471127
0.0419143
0.0419143
0.0363082
0.0363082
0.0440071
0.0440071
0.0424308
0.0424308
0.0400463
0.0400463
0.0375815
0.0375815
0.035399
0.035399
-0.000123161
-0.000123162
0.00137018
0.00137017
0.00310419
0.00310419
0.00490017
0.00490018
0.00663751
0.0066375
-0.0489
-0.0489
-0.0504803
-0.0504803
-0.0516058
-0.0516058
-0.0521391
-0.0521391
-0.0520668
-0.0520668
-0.00164258
-0.00164258
-0.00215326
-0.00215327
-0.00264392
-0.00264392
-0.00321122
-0.00321121
-0.00397262
-0.00397262
0.00646135
0.00646134
0.00832956
0.00832956
0.0101054
0.0101054
0.0116032
0.0116032
0.0126708
0.0126708
0.0111803
0.0111803
0.0100597
0.0100597
0.00840415
0.00840416
0.00611922
0.00611921
0.00329093
0.00329095
0.00115405
0.00115406
0.000823672
0.000823688
0.000422446
0.000422426
-0.000270561
-0.000270555
-0.00120249
-0.00120248
0.000640243
0.000640234
-0.000711726
-0.000711719
-0.00196805
-0.00196806
-0.00306236
-0.00306235
-0.00379247
-0.00379247
0.00422484
0.00422483
0.00599165
0.00599165
0.00747581
0.00747581
0.00880847
0.00880846
0.0100039
0.0100039
0.0112465
0.0112465
0.0118247
0.0118247
0.0127016
0.0127016
0.0137541
0.0137541
0.014846
0.014846
-0.00943412
-0.00943411
-0.00970921
-0.0097092
-0.00991637
-0.00991636
-0.0100881
-0.0100881
-0.0103017
-0.0103017
-0.00184644
-0.00184643
-0.00107578
-0.00107577
-0.000162079
-0.000162079
0.000608363
0.000608373
0.00103084
0.00103085
0.0133014
0.0133014
0.0131211
0.0131211
0.0128117
0.0128117
0.0122645
0.0122645
0.0114552
0.0114552
-0.00440856
-0.00440856
-0.00363917
-0.00363917
-0.00304813
-0.00304811
-0.00281906
-0.00281906
-0.0029257
-0.0029257
0.00168789
0.00168789
0.00170716
0.00170715
0.00191428
0.00191429
0.00218769
0.00218769
0.00233228
0.00233229
0.00776215
0.00776216
0.00756667
0.00756667
0.00689166
0.00689167
0.00588685
0.00588685
0.00481588
0.00481587
-0.00367298
-0.00367298
-0.00297257
-0.00297256
-0.00212368
-0.00212368
-0.00126776
-0.00126775
-0.000477545
-0.000477542
0.00099703
0.000997024
0.000520054
0.000520051
-9.10989e-05
-9.10764e-05
-0.000790468
-0.000790484
-0.00151325
-0.00151326
-0.00101289
-0.00101289
-4.36565e-05
-4.36532e-05
0.00071462
0.000714636
0.00118794
0.00118794
0.00130518
0.00130519
-0.00570573
-0.00570574
-0.00437015
-0.00437015
-0.00294634
-0.00294633
-0.00220398
-0.00220398
-0.00252806
-0.00252808
0.0094048
0.0094048
0.00925362
0.00925363
0.00886099
0.00886099
0.00842537
0.00842537
0.00800479
0.00800479
0.00211035
0.00211035
0.00372579
0.0037258
0.00553184
0.00553185
0.00681112
0.00681112
0.00704076
0.00704075
-0.002
-0.002
-0.00223103
-0.00223102
-0.00263519
-0.00263517
-0.00307109
-0.00307109
-0.0034164
-0.0034164
-5.53416e-06
-5.5311e-06
0.00025953
0.000259524
0.00070861
0.000708616
0.000991266
0.000991269
0.000855166
0.000855179
0.000917983
0.000917986
0.000873663
0.000873669
0.000482145
0.000482145
-6.66334e-05
-6.66271e-05
-0.000546615
-0.000546618
-0.00176659
-0.00176659
-0.00233059
-0.00233059
-0.00302385
-0.00302385
-0.00371769
-0.0037177
-0.00432236
-0.00432237
0.00564462
0.00564462
0.00582518
0.00582519
0.0059876
0.00598759
0.00625629
0.00625629
0.00662031
0.00662031
0.000111331
0.000111341
0.000396555
0.000396568
0.000603183
0.000603189
0.000634268
0.000634271
0.000476969
0.000476979
-0.00433573
-0.00433572
-0.00336899
-0.00336901
-0.00291389
-0.00291389
-0.00306907
-0.00306907
-0.00362255
-0.00362255
0.00256529
0.00256528
0.00212671
0.00212671
0.00152744
0.00152744
0.000995618
0.000995611
0.000668757
0.00066876
-0.000938132
-0.000938126
-0.00183306
-0.00183305
-0.00278743
-0.00278743
-0.00344326
-0.00344325
-0.00359962
-0.00359962
-0.00158911
-0.00158911
-0.000628089
-0.000628083
0.000459616
0.000459629
0.00149614
0.00149615
0.00231163
0.00231162
0.00036833
0.000368339
0.000307569
0.000307563
0.000389539
0.000389543
0.000431141
0.000431147
0.000307808
0.000307811
-0.00466582
-0.00466583
-0.00467812
-0.00467812
-0.00399903
-0.00399902
-0.00307988
-0.00307989
-0.00240432
-0.00240431
0.000184258
0.000184255
0.000435777
0.00043579
0.000903688
0.000903681
0.00136817
0.00136817
0.0016211
0.0016211
-0.000102949
-0.000102949
-0.000168067
-0.000168067
7.99211e-05
7.99148e-05
0.000429173
0.000429177
0.000634894
0.000634887
0.0017524
0.00175241
0.00191632
0.00191631
0.00215147
0.00215147
0.00251375
0.00251375
0.00289562
0.00289562
0.00501111
0.00501112
0.0053155
0.00531549
0.00548401
0.005484
0.00527316
0.00527316
0.00465444
0.00465445
-0.00333936
-0.00333935
-0.00364231
-0.00364232
-0.00377054
-0.00377053
-0.0036685
-0.00366849
-0.00335977
-0.00335977
-0.00922975
-0.00922975
-0.00953288
-0.0095329
-0.00995455
-0.00995456
-0.0103821
-0.0103821
-0.010755
-0.010755
0.000283657
0.00028365
-4.03318e-05
-4.03381e-05
-0.000650105
-0.000650114
-0.00154993
-0.00154992
-0.00252798
-0.00252797
0.0166516
0.0166516
0.0171963
0.0171963
0.017801
0.017801
0.0183584
0.0183584
0.0187828
0.0187828
0.00765911
0.00765912
0.00730484
0.00730484
0.00696896
0.00696895
0.00648678
0.00648677
0.00573677
0.00573675
0.00593731
0.0059373
0.00559697
0.00559697
0.00499149
0.00499149
0.00423643
0.00423643
0.00353707
0.00353706
0.0147074
0.0147074
0.0149064
0.0149064
0.0148987
0.0148987
0.0150512
0.0150512
0.0156773
0.0156773
0.0044607
0.0044607
-0.00121764
-0.00121764
-0.0101565
-0.0101565
-0.0190958
-0.0190958
-0.0250291
-0.0250291
0.0123016
0.0123016
0.0125744
0.0125744
0.0125062
0.0125062
0.0119879
0.0119879
0.0110421
0.0110421
0.00672106
0.00672106
0.00872928
0.00872928
0.0104445
0.0104445
0.0116024
0.0116024
0.0120943
0.0120943
0.0490757
0.0490757
0.0469769
0.0469769
0.0435319
0.0435318
0.0392296
0.0392296
0.0345688
0.0345688
0.11756
0.11756
0.109005
0.109005
0.0987541
0.0987541
0.0865301
0.0865301
0.0728994
0.0728994
0.0339713
0.0339713
0.0258507
0.0258507
0.0222197
0.0222197
0.0236321
0.0236321
0.028354
0.028354
0.0357318
0.0357318
0.0334724
0.0334724
0.0328671
0.0328671
0.0332178
0.0332178
0.0336295
0.0336295
0.0106493
0.0106493
0.00984129
0.0098413
0.00795468
0.00795468
0.00534125
0.00534126
0.00273074
0.00273074
0.0248636
0.0248637
0.0237736
0.0237736
0.0232316
0.0232316
0.023415
0.023415
0.0244116
0.0244116
0.0250826
0.0250826
0.0285874
0.0285874
0.0308161
0.0308161
0.0313801
0.0313801
0.0303571
0.0303571
0.0378951
0.0378951
0.0334559
0.0334559
0.0294412
0.0294412
0.0259517
0.0259517
0.0229989
0.0229989
0.0283994
0.0283994
0.028466
0.028466
0.0277468
0.0277468
0.0266314
0.0266314
0.0254911
0.0254911
0.0201964
0.0201964
0.0223859
0.0223859
0.0251583
0.0251584
0.0282013
0.0282013
0.0310673
0.0310673
0.0277509
0.0277509
0.0254273
0.0254273
0.0226916
0.0226916
0.0198187
0.0198187
0.0172403
0.0172403
0.0094073
0.0094073
0.0088667
0.00886671
0.00851818
0.00851819
0.008364
0.00836399
0.00836193
0.00836194
-0.00947466
-0.00947466
-0.00915606
-0.00915606
-0.00883895
-0.00883895
-0.00841617
-0.00841618
-0.00784455
-0.00784455
-0.0265194
-0.0265194
-0.0288009
-0.0288009
-0.0308797
-0.0308797
-0.0325411
-0.0325411
-0.0335479
-0.0335479
-0.0249507
-0.0249507
-0.0263557
-0.0263557
-0.0275874
-0.0275874
-0.0287585
-0.0287585
-0.0301053
-0.0301053
-0.0438114
-0.0438114
-0.0455135
-0.0455135
-0.0466264
-0.0466264
-0.0468
-0.0468
-0.0458476
-0.0458476
-0.0460586
-0.0460586
-0.0467529
-0.0467529
-0.0476753
-0.0476753
-0.04902
-0.04902
-0.0506637
-0.0506637
-0.0427135
-0.0427135
-0.0466177
-0.0466177
-0.0498732
-0.0498732
-0.0528619
-0.0528618
-0.0557561
-0.0557561
-0.0288665
-0.0288665
-0.0274786
-0.0274786
-0.0256975
-0.0256975
-0.02404
-0.02404
-0.0230725
-0.0230725
-0.0485217
-0.0485217
-0.0490515
-0.0490515
-0.0493318
-0.0493318
-0.0494458
-0.0494459
-0.0494922
-0.0494922
-0.0316144
-0.0316144
-0.0297906
-0.0297906
-0.0287501
-0.0287501
-0.0285429
-0.0285429
-0.0289491
-0.0289491
-0.0448198
-0.0448198
-0.0473501
-0.04735
-0.0489499
-0.0489499
-0.0495227
-0.0495227
-0.0492344
-0.0492344
-0.036441
-0.036441
-0.0360963
-0.0360963
-0.0349442
-0.0349442
-0.0334802
-0.0334802
-0.0322729
-0.0322729
-0.0194366
-0.0194366
-0.0206399
-0.0206399
-0.0230058
-0.0230058
-0.0263141
-0.0263141
-0.0299582
-0.0299583
-0.00858348
-0.00858349
-0.00825773
-0.00825774
-0.00827366
-0.00827367
-0.00885806
-0.00885806
-0.00999542
-0.00999542
-0.023742
-0.023742
-0.022683
-0.022683
-0.0205526
-0.0205526
-0.0180724
-0.0180724
-0.0159649
-0.0159649
-0.0367351
-0.0367351
-0.0377608
-0.0377608
-0.0392798
-0.0392798
-0.0408152
-0.0408153
-0.0419108
-0.0419108
-0.0387981
-0.0387981
-0.0423577
-0.0423577
-0.0465735
-0.0465735
-0.0509759
-0.0509759
-0.0546853
-0.0546853
-0.0566599
-0.0566599
-0.0578088
-0.0578088
-0.0584598
-0.0584598
-0.0587886
-0.0587886
-0.0592013
-0.0592013
-0.0011931
-0.0011931
0.00706849
0.00706849
0.00974761
0.00974761
0.00562928
0.00562928
-0.0036522
-0.00365219
-0.0224845
-0.0224844
-0.0212641
-0.0212641
-0.0198625
-0.0198625
-0.0187656
-0.0187656
-0.0183343
-0.0183343
-0.0048647
-0.00486471
-0.00193082
-0.00193081
0.000802196
0.000802196
0.00267829
0.00267828
0.00327795
0.00327794
0.0142367
0.0142367
0.0145654
0.0145654
0.015125
0.015125
0.0159541
0.0159541
0.0168103
0.0168103
0.00965603
0.00965603
0.00852944
0.00852943
0.0070006
0.00700061
0.00541203
0.00541203
0.00417336
0.00417336
0.00428604
0.00428604
0.00508358
0.00508359
0.00532589
0.00532589
0.0050054
0.0050054
0.0043204
0.0043204
-0.0214542
-0.0214542
-0.0223286
-0.0223286
-0.0231663
-0.0231664
-0.0235007
-0.0235007
-0.0229294
-0.0229294
0.00224018
0.00224017
0.00258268
0.00258267
0.00255025
0.00255025
0.00248324
0.00248323
0.00275924
0.00275925
0.00140643
0.00140645
0.00162349
0.0016235
0.00179272
0.00179271
0.00193382
0.00193382
0.00216827
0.00216827
-0.00969182
-0.00969182
-0.00881075
-0.00881076
-0.0076258
-0.0076258
-0.00619326
-0.00619326
-0.00462454
-0.00462454
0.00545968
0.00545969
0.00486414
0.00486415
0.00449785
0.00449784
0.0043498
0.00434981
0.00432401
0.00432402
-0.00650625
-0.00650625
-0.0063157
-0.0063157
-0.00635768
-0.00635768
-0.00657871
-0.00657871
-0.00686473
-0.00686471
0.00353657
0.00353658
0.00364584
0.00364585
0.00367964
0.00367966
0.00349964
0.00349964
0.00296066
0.00296065
0.00616285
0.00616284
0.00576493
0.00576495
0.00502036
0.00502035
0.00400915
0.00400915
0.00298208
0.00298207
0.00483048
0.00483049
0.00490861
0.00490861
0.00464136
0.00464137
0.00425677
0.00425677
0.00397003
0.00397002
0.00212185
0.00212186
0.002501
0.002501
0.0027627
0.00276269
0.00281756
0.00281757
0.00265707
0.00265707
-0.0016113
-0.0016113
-0.00132364
-0.00132363
-0.00111972
-0.00111972
-0.00113727
-0.00113727
-0.00136878
-0.00136877
-0.00103045
-0.00103045
-0.000433283
-0.000433293
4.71027e-05
4.71059e-05
0.00013188
0.000131892
-0.000276592
-0.000276592
-0.00214053
-0.00214054
-0.00258764
-0.00258763
-0.00361487
-0.00361486
-0.00486094
-0.00486093
-0.00576389
-0.0057639
0.00218983
0.00218983
0.00165629
0.0016563
0.000791912
0.000791903
-0.000220478
-0.000220472
-0.00105127
-0.00105128
-0.000496625
-0.000496613
-0.00104362
-0.00104361
-0.00151626
-0.00151626
-0.00184989
-0.00184987
-0.00193419
-0.00193418
-0.000791477
-0.000791477
-0.00036745
-0.00036745
-0.000205052
-0.000205051
-0.000167923
-0.000167923
-3.03861e-05
-3.03863e-05
0.00255426
0.00255426
0.00251418
0.00251417
0.00240338
0.00240339
0.00234226
0.00234226
0.00236315
0.00236316
0.000902373
0.000902367
0.000332576
0.00033258
-0.000651309
-0.000651309
-0.00161702
-0.00161702
-0.00214285
-0.00214286
-0.000204205
-0.00020419
8.28728e-05
8.28791e-05
0.000428052
0.000428052
0.000758221
0.000758218
0.000937376
0.000937363
-0.0022539
-0.0022539
-0.0023696
-0.00236959
-0.00248389
-0.00248389
-0.00264755
-0.00264754
-0.00286351
-0.00286351
-0.00115286
-0.00115287
-0.0011656
-0.00116561
-0.000724687
-0.000724687
6.80364e-05
6.80427e-05
0.000974239
0.00097423
-0.000443759
-0.000443765
-0.000362282
-0.000362291
-0.000420462
-0.000420453
-0.000552016
-0.000552016
-0.000636035
-0.000636028
-0.00265485
-0.00265485
-0.002967
-0.00296699
-0.0029092
-0.00290919
-0.00249201
-0.00249202
-0.00189943
-0.00189945
0.000355052
0.000355061
0.00083161
0.000831623
0.00149377
0.00149376
0.00223137
0.00223137
0.0028787
0.00287869
-0.000464967
-0.000464973
-0.000560926
-0.000560926
-0.000476359
-0.000476352
-0.000429578
-0.000429577
-0.000515201
-0.000515204
-4.56551e-05
-4.56583e-05
-9.36451e-05
-9.36547e-05
-0.000127902
-0.000127883
-0.000174572
-0.000174585
-0.000232153
-0.000232159
0.000862076
0.000862076
0.000660668
0.000660668
0.000596648
0.000596638
0.000640246
0.000640243
0.000724154
0.000724148
-0.000960847
-0.000960851
-0.000433534
-0.000433534
-0.000152632
-0.000152626
-0.000287544
-0.000287547
-0.000746752
-0.000746758
-0.000905588
-0.000905597
-0.000835946
-0.000835943
-0.00074808
-0.000748077
-0.000700434
-0.000700431
-0.000748091
-0.000748088
0.00106505
0.00106505
0.00121554
0.00121555
0.00146218
0.00146219
0.00152175
0.00152174
0.00124515
0.00124514
0.00136021
0.00136021
0.0013226
0.0013226
0.00105022
0.00105022
0.000606529
0.000606532
0.000122369
0.000122366
0.000839592
0.000839595
0.000924455
0.000924452
0.000864359
0.000864371
0.000738363
0.000738366
0.000678574
0.000678578
-0.000461947
-0.000461947
-0.00100522
-0.00100523
-0.00106973
-0.00106974
-0.000675802
-0.000675805
-5.70468e-05
-5.70374e-05
9.56997e-05
9.57028e-05
0.000339348
0.00033936
0.000586888
0.000586885
0.000782544
0.000782557
0.000931623
0.00093162
-0.000646341
-0.000646351
-0.000922492
-0.000922495
-0.00114419
-0.00114418
-0.00116065
-0.00116065
-0.000942739
-0.000942729
0.00050662
0.000506623
0.000765922
0.000765931
0.000951378
0.000951378
0.00106808
0.00106808
0.00114675
0.00114675
0.000930104
0.00093012
0.000569521
0.000569527
0.000438644
0.000438637
0.000583759
0.000583762
0.000885509
0.0008855
0.000388259
0.000388256
0.000317071
0.000317074
0.000341874
0.000341874
0.000416538
0.000416535
0.000438375
0.000438372
8.69682e-05
8.69553e-05
0.000113282
0.000113266
8.08825e-05
8.08759e-05
6.50981e-05
6.50981e-05
0.000123237
0.000123237
0.000597736
0.000597733
0.00101726
0.00101726
0.00134589
0.00134589
0.00131246
0.00131247
0.000876305
0.000876289
-0.000155465
-0.000155465
-0.000274916
-0.00027491
-0.000404119
-0.000404125
-0.000432089
-0.000432092
-0.000301258
-0.000301252
-0.000806205
-0.000806192
-0.000429861
-0.000429858
1.2385e-05
1.23691e-05
0.000359694
0.000359688
0.000462221
0.00046224
0.000471553
0.000471556
0.000428855
0.000428865
0.0002212
0.000221213
-8.02562e-06
-8.02562e-06
-0.000130338
-0.000130328
0.00135174
0.00135175
0.00145359
0.00145358
0.00136104
0.00136104
0.0012464
0.0012464
0.00125048
0.00125049
-0.000515043
-0.000515027
-0.000328131
-0.000328137
-0.000212837
-0.000212844
-0.000172462
-0.000172468
-0.00018932
-0.000189317
-0.00156564
-0.00156564
-0.00144813
-0.00144814
-0.00125024
-0.00125024
-0.00102679
-0.00102679
-0.000829823
-0.000829826
-0.000585179
-0.000585192
-0.000912851
-0.000912861
-0.00124603
-0.00124604
-0.00145976
-0.00145977
-0.00149274
-0.00149274
-0.00100463
-0.00100463
-0.00109708
-0.00109707
-0.00106403
-0.00106404
-0.000890211
-0.000890205
-0.000611361
-0.000611355
-0.00104232
-0.0010423
-0.00114288
-0.00114288
-0.00110675
-0.00110676
-0.00107788
-0.00107789
-0.00117239
-0.00117238
-0.000986322
-0.000986318
-0.000939766
-0.000939763
-0.000845405
-0.000845402
-0.000792886
-0.00079288
-0.000788469
-0.000788479
0.000574162
0.000574158
0.000644514
0.000644504
0.000676039
0.000676042
0.000592076
0.000592066
0.000381198
0.000381201
-0.000613678
-0.000613678
-0.000950705
-0.000950718
-0.000994797
-0.000994801
-0.000776397
-0.000776397
-0.000470746
-0.000470749
-0.00015598
-0.00015598
-0.000253236
-0.000253245
-4.46583e-05
-4.4652e-05
0.000280673
0.000280683
0.000434818
0.000434827
-0.00159187
-0.00159188
-0.00151226
-0.00151227
-0.00146183
-0.00146184
-0.00153382
-0.00153382
-0.00170743
-0.00170743
0.00103979
0.00103978
0.000670234
0.000670241
0.000408644
0.000408647
0.000315372
0.000315366
0.000363293
0.000363283
0.00155208
0.00155207
0.00118623
0.00118622
0.000875039
0.000875045
0.000690777
0.000690777
0.000604884
0.000604893
-0.00256655
-0.00256655
-0.0026854
-0.00268539
-0.00269979
-0.0026998
-0.00256472
-0.00256471
-0.00230669
-0.00230669
0.000180826
0.00018082
0.000613234
0.000613247
0.0011082
0.0011082
0.00145305
0.00145305
0.00152218
0.00152218
-0.00196509
-0.00196508
-0.00169326
-0.00169325
-0.00144047
-0.00144047
-0.00132525
-0.00132525
-0.00134517
-0.00134517
-0.000328579
-0.000328585
-0.000393986
-0.000393989
-0.000391598
-0.000391592
-0.000335351
-0.000335348
-0.000317994
-0.000317988
0.000609167
0.00060916
0.000513918
0.000513919
0.000418724
0.000418733
0.000368386
0.000368373
0.000393843
0.000393846
0.00166961
0.00166961
0.00184795
0.00184795
0.00167534
0.00167534
0.00122808
0.00122808
0.000726455
0.000726448
0.000191552
0.000191561
4.86151e-05
4.86088e-05
-0.000199774
-0.000199783
-0.000390901
-0.000390898
-0.000407059
-0.00040705
0.00097489
0.000974884
0.000705969
0.000705969
0.000377641
0.000377651
0.00022704
0.000227046
0.000345454
0.000345447
-0.000524095
-0.000524085
-0.000240711
-0.000240711
-0.000198843
-0.00019885
-0.000384755
-0.000384758
-0.000636285
-0.000636294
0.000451199
0.000451193
0.000408975
0.000408975
0.000163989
0.000163993
-0.00025437
-0.000254364
-0.000723062
-0.000723055
0.00196296
0.00196297
0.00160788
0.00160789
0.00110994
0.00110993
0.000874242
0.000874239
0.00115649
0.00115648
3.42858e-05
3.42923e-05
-0.00014856
-0.00014855
-0.000270278
-0.000270284
-0.000177325
-0.000177306
0.000155049
0.000155062
-0.00141135
-0.00141135
-0.00117697
-0.00117698
-0.000782716
-0.000782709
-0.000519318
-0.000519314
-0.000565933
-0.000565933
-0.000355608
-0.000355614
-0.00054223
-0.000542227
-0.000541848
-0.000541839
-0.000468369
-0.000468363
-0.000468914
-0.000468917
0.00114323
0.00114322
0.00104893
0.00104893
0.000749558
0.000749558
0.000299702
0.000299718
-0.000191519
-0.000191528
0.00175595
0.00175596
0.00169714
0.00169715
0.00139257
0.00139256
0.00107952
0.00107953
0.000951202
0.000951189
0.000199386
0.000199382
0.000249801
0.000249797
0.00036752
0.000367517
0.000441537
0.00044153
0.000404469
0.000404462
0.000434404
0.000434407
0.000421997
0.000421987
0.000271726
0.000271719
0.00010777
0.000107764
4.79863e-05
4.79828e-05
-0.000883961
-0.000883965
-0.0012037
-0.00120371
-0.00126927
-0.00126928
-0.00105885
-0.00105886
-0.000715341
-0.000715344
-0.000390245
-0.000390245
-0.000569223
-0.000569233
-0.00064384
-0.000643846
-0.000657462
-0.000657453
-0.00065051
-0.00065051
0.000240453
0.000240456
0.000445522
0.000445525
0.000534623
0.000534604
0.000485026
0.000485026
0.000315519
0.000315532
-0.00265833
-0.00265833
-0.00240371
-0.00240372
-0.00193012
-0.00193012
-0.00143218
-0.00143218
-0.00112393
-0.00112392
0.000991201
0.000991204
0.00121141
0.00121141
0.0012249
0.00122491
0.000976062
0.000976065
0.000601199
0.000601186
0.00127844
0.00127843
0.00132815
0.00132815
0.00132123
0.00132122
0.00124386
0.00124386
0.00110677
0.00110677
-0.00104391
-0.0010439
-0.00129532
-0.00129533
-0.00143611
-0.00143613
-0.00141249
-0.0014125
-0.00124261
-0.0012426
-0.00126325
-0.00126325
-0.00152977
-0.00152977
-0.00150077
-0.00150076
-0.00131692
-0.00131693
-0.00116878
-0.00116877
-0.000505997
-0.000505981
0.000145662
0.000145659
0.000866526
0.000866532
0.0013596
0.0013596
0.00144154
0.00144154
-0.000515763
-0.000515764
-0.000590778
-0.000590781
-0.000669796
-0.000669803
-0.000827327
-0.000827333
-0.00104524
-0.00104523
0.001111
0.001111
0.00128021
0.0012802
0.00142344
0.00142344
0.00161269
0.00161267
0.00185794
0.00185795
-0.00024605
-0.00024605
-0.00049835
-0.000498359
-0.000742868
-0.000742865
-0.000903688
-0.000903691
-0.000851536
-0.000851533
0.000183721
0.000183715
0.000592699
0.000592692
0.00090679
0.00090678
0.00101065
0.00101065
0.000886744
0.000886757
-0.000325814
-0.000325811
-0.000508684
-0.00050869
-0.000570165
-0.000570162
-0.000513447
-0.000513451
-0.000396177
-0.000396174
-0.00103902
-0.00103902
-0.00104442
-0.00104441
-0.00103023
-0.00103022
-0.00090331
-0.00090331
-0.000600267
-0.000600267
0.000994129
0.000994122
0.00127199
0.00127199
0.00151208
0.00151209
0.00160842
0.00160842
0.00150409
0.00150409
-9.82868e-05
-9.82931e-05
0.000168076
0.000168079
0.000614236
0.000614249
0.000965208
0.000965195
0.000957002
0.000957002
-0.000512342
-0.000512345
-0.00016638
-0.000166387
0.000333051
0.000333048
0.00072021
0.000720219
0.000793086
0.000793083
-0.000346451
-0.000346454
-0.000650366
-0.000650353
-0.000770775
-0.000770779
-0.000780395
-0.000780398
-0.000774385
-0.000774382
0.0021318
0.00213181
0.00210434
0.00210436
0.00159585
0.00159586
0.000929601
0.000929598
0.000460044
0.000460053
-0.00150593
-0.00150593
-0.00139141
-0.00139142
-0.00078261
-0.000782613
-0.00010613
-0.00010613
0.000358998
0.000358998
-0.00432672
-0.00432672
-0.00354628
-0.00354628
0.000292525
0.000292509
0.00530054
0.00530055
0.0083121
0.0083121
-0.00391008
-0.00391007
-0.00302382
-0.00302382
-0.00223648
-0.00223649
-0.00188721
-0.00188722
-0.00177781
-0.00177779
-0.000247999
-0.000247999
-0.00102155
-0.00102156
-0.000869341
-0.000869357
0.000201066
0.00020106
0.00156182
0.00156183
0.00293568
0.00293569
0.00274693
0.00274692
0.00159482
0.00159482
0.000532971
0.000532961
0.000328042
0.000328045
0.00405823
0.00405824
0.0046309
0.00463091
0.00331593
0.00331595
0.00106815
0.00106815
-0.000677372
-0.000677385
0.000230089
0.00023008
0.000533932
0.000533928
0.00122462
0.00122461
0.00187991
0.00187992
0.00215487
0.00215487
-0.00234367
-0.00234365
-0.00055438
-0.00055438
0.000242679
0.000242685
-0.000146818
-0.000146822
-0.000952532
-0.000952529
8.55864e-05
8.55831e-05
0.000488151
0.000488135
0.000183997
0.000183994
-0.000966564
-0.000966583
-0.00237892
-0.00237892
0.00111936
0.00111936
0.000997848
0.000997857
0.000446678
0.000446671
-7.97807e-05
-7.9787e-05
-0.00022197
-0.00022196
-0.000267731
-0.000267737
-6.37782e-06
-6.37782e-06
0.000585028
0.000585037
0.000986187
0.00098619
0.000766371
0.000766371
0.00156819
0.00156818
0.000503701
0.000503698
-0.0010531
-0.0010531
-0.00174129
-0.00174128
-0.000868738
-0.000868742
